1 0 0 1 READ 4026531840 128 160
143 4 4 1 READ 0 128 3330
5187 3 3 3 READ 4026531968 128 6660
6246 1 1 2 READ 4026532592 128 9990
6527 1 1 0 READ 2147483648 128 12840
6941 5 5 0 READ 4026532608 128 13290
7197 1 1 0 READ 4026532104 128 16460
7537 0 0 1 READ 4026532744 128 16910
8217 1 1 0 READ 2147581952 128 19610
8529 4 4 1 READ 4026532872 128 20530
9236 1 1 0 READ 2147680256 128 23540
9526 3 3 2 READ 4026533000 128 24150
10256 1 1 0 READ 4026532232 128 27320
10592 1 1 3 READ 4026533120 128 27770
11216 5 5 0 WRITE 2147778560 32 30950
11222 5 5 3 WRITE 2147778624 32 31380
11230 1 1 3 WRITE 2147778592 32 31810
11228 5 5 6 WRITE 2147778688 32 32240
11235 1 1 6 WRITE 2147778656 32 32670
11245 3 3 0 WRITE 2147778560 32 33100
11263 4 4 0 WRITE 2147778560 32 33530
11250 3 3 3 WRITE 2147778624 32 33960
11267 4 4 3 WRITE 2147778624 32 34390
11279 0 0 0 WRITE 2147778592 32 34820
11297 2 2 0 WRITE 2147778560 32 35250
11257 3 3 6 WRITE 2147778688 32 35680
11274 4 4 6 WRITE 2147778688 32 36110
11314 6 6 0 WRITE 2147778560 32 36540
11332 7 7 0 WRITE 2147778560 32 36970
11283 0 0 3 WRITE 2147778656 32 37400
11301 2 2 3 WRITE 2147778624 32 37830
11318 6 6 3 WRITE 2147778624 32 38260
11337 7 7 3 WRITE 2147778624 32 38690
11349 8 8 0 WRITE 2147778560 32 39120
11364 9 9 0 WRITE 2147778592 32 39550
11380 10 10 0 WRITE 2147778592 32 39980
11393 11 11 0 WRITE 2147778592 32 40410
11290 0 0 6 WRITE 2147778720 32 40840
11308 2 2 6 WRITE 2147778656 32 41270
11326 6 6 6 WRITE 2147778688 32 41700
11343 7 7 6 WRITE 2147778688 32 42130
11353 8 8 3 WRITE 2147778624 32 42560
11368 9 9 3 WRITE 2147778624 32 42990
11384 10 10 3 WRITE 2147778656 32 43420
11399 11 11 3 WRITE 2147778656 32 43850
11411 12 12 0 WRITE 2147778592 32 44280
11430 13 13 0 WRITE 2147778592 32 44710
11449 14 14 0 WRITE 2147778592 32 45140
11359 8 8 6 WRITE 2147778688 32 45570
11374 9 9 6 WRITE 2147778688 32 46000
11388 10 10 6 WRITE 2147778688 32 46430
11404 11 11 6 WRITE 2147778720 32 46860
11418 12 12 3 WRITE 2147778656 32 47290
11436 13 13 3 WRITE 2147778656 32 47720
11454 14 14 3 WRITE 2147778656 32 48150
11424 12 12 6 WRITE 2147778720 32 48580
11443 13 13 6 WRITE 2147778720 32 49010
11459 14 14 6 WRITE 2147778720 32 49440
12484 5 5 0 WRITE 2147778720 32 49870
12657 5 5 3 WRITE 2147778720 32 50300
12690 1 1 3 WRITE 2147778720 32 50730
13011 5 5 6 WRITE 2147778752 32 51160
13014 1 1 6 WRITE 2147778752 32 51590
13142 3 3 0 WRITE 2147778752 32 52020
13289 4 4 0 WRITE 2147778752 32 52450
13525 3 3 3 WRITE 2147778752 32 52880
13644 4 4 3 WRITE 2147778752 32 53310
13714 0 0 0 WRITE 2147778752 32 53740
13877 2 2 0 WRITE 2147778752 32 54170
14116 3 3 6 WRITE 2147778784 32 54600
14289 4 4 6 WRITE 2147778784 32 55030
14305 6 6 0 WRITE 2147778784 32 55460
14454 7 7 0 WRITE 2147778784 32 55890
14677 0 0 3 WRITE 2147778784 32 56320
14828 2 2 3 WRITE 2147778784 32 56750
14978 6 6 3 WRITE 2147778784 32 57180
15123 7 7 3 WRITE 2147778784 32 57610
15198 8 8 0 WRITE 2147778816 32 58040
15344 9 9 0 WRITE 2147778816 32 58470
15490 10 10 0 WRITE 2147778816 32 58900
15664 11 11 0 WRITE 2147778816 32 59330
15811 0 0 6 WRITE 2147778816 32 59760
15956 2 2 6 WRITE 2147778816 32 60190
16102 6 6 6 WRITE 2147778816 32 60620
16249 7 7 6 WRITE 2147778816 32 61050
16354 8 8 3 WRITE 2147778848 32 61480
16560 9 9 3 WRITE 2147778848 32 61910
16708 10 10 3 WRITE 2147778848 32 62340
16854 11 11 3 WRITE 2147778848 32 62770
16948 12 12 0 WRITE 2147778848 32 63200
17097 13 13 0 WRITE 2147778848 32 63630
17223 14 14 0 WRITE 2147778848 32 64060
17410 8 8 6 WRITE 2147778848 32 64490
17543 9 9 6 WRITE 2147778880 32 64920
17691 10 10 6 WRITE 2147778880 32 65350
17829 11 11 6 WRITE 2147778880 32 65780
17981 12 12 3 WRITE 2147778880 32 66210
18125 13 13 3 WRITE 2147778880 32 66640
18280 14 14 3 WRITE 2147778880 32 67070
18430 12 12 6 WRITE 2147778880 32 67500
18573 13 13 6 WRITE 2147778880 32 67930
18729 14 14 6 WRITE 2147778912 32 68360
18906 5 5 0 WRITE 2147778912 32 68790
19082 5 5 3 WRITE 2147778912 32 69220
19118 1 1 3 WRITE 2147778912 32 69650
19430 5 5 6 WRITE 2147778912 32 70080
19438 1 1 6 WRITE 2147778912 32 70510
19568 3 3 0 WRITE 2147778912 32 70940
19710 4 4 0 WRITE 2147778912 32 71370
19949 3 3 3 WRITE 2147778944 32 71800
20094 4 4 3 WRITE 2147778944 32 72230
20161 0 0 0 WRITE 2147778944 32 72660
20290 2 2 0 WRITE 2147778944 32 73090
20540 3 3 6 WRITE 2147778944 32 73520
20699 4 4 6 WRITE 2147778944 32 73950
20739 6 6 0 WRITE 2147778944 32 74380
20887 7 7 0 WRITE 2147778944 32 74810
21100 0 0 3 WRITE 2147778976 32 75240
21251 2 2 3 WRITE 2147778976 32 75670
21401 6 6 3 WRITE 2147778976 32 76100
21547 7 7 3 WRITE 2147778976 32 76530
21626 8 8 0 WRITE 2147778976 32 76960
21769 9 9 0 WRITE 2147778976 32 77390
21916 10 10 0 WRITE 2147778976 32 77820
22064 11 11 0 WRITE 2147778976 32 78250
22234 0 0 6 WRITE 2147779008 32 78680
22377 2 2 6 WRITE 2147779008 32 79110
22523 6 6 6 WRITE 2147779008 32 79540
22668 7 7 6 WRITE 2147779008 32 79970
22836 8 8 3 WRITE 2147779008 32 80400
22984 9 9 3 WRITE 2147779008 32 80830
23132 10 10 3 WRITE 2147779008 32 81260
23280 11 11 3 WRITE 2147779008 32 81690
23375 12 12 0 WRITE 2147779040 32 82120
23518 13 13 0 WRITE 2147779040 32 82550
23663 14 14 0 WRITE 2147779040 32 82980
23823 8 8 6 WRITE 2147779040 32 83410
23967 9 9 6 WRITE 2147779040 32 83840
24116 10 10 6 WRITE 2147779040 32 84270
24252 11 11 6 WRITE 2147779040 32 84700
24402 12 12 3 WRITE 2147779040 32 85130
24554 13 13 3 WRITE 2147779072 32 85560
24699 14 14 3 WRITE 2147779072 32 85990
24849 12 12 6 WRITE 2147779072 32 86420
25000 13 13 6 WRITE 2147779072 32 86850
25146 14 14 6 WRITE 2147779072 32 87280
25312 5 5 0 WRITE 2147779072 32 87710
25527 5 5 3 WRITE 2147779072 32 88140
25538 1 1 3 WRITE 2147779072 32 88570
25862 1 1 6 WRITE 2147779104 32 89000
25870 5 5 6 WRITE 2147779104 32 89430
25996 3 3 0 WRITE 2147779104 32 89860
26146 4 4 0 WRITE 2147779104 32 90290
26370 3 3 3 WRITE 2147779104 32 90720
26516 4 4 3 WRITE 2147779104 32 91150
26582 0 0 0 WRITE 2147779104 32 91580
26731 2 2 0 WRITE 2147779104 32 92010
26958 3 3 6 WRITE 2147779136 32 92440
27132 4 4 6 WRITE 2147779136 32 92870
27158 6 6 0 WRITE 2147779136 32 93300
27308 7 7 0 WRITE 2147779136 32 93730
27524 0 0 3 WRITE 2147779136 32 94160
27675 2 2 3 WRITE 2147779136 32 94590
27825 6 6 3 WRITE 2147779136 32 95020
27971 7 7 3 WRITE 2147779136 32 95450
28050 8 8 0 WRITE 2147779168 32 95880
28193 9 9 0 WRITE 2147779168 32 96310
28340 10 10 0 WRITE 2147779168 32 96740
28488 11 11 0 WRITE 2147779168 32 97170
28658 0 0 6 WRITE 2147779168 32 97600
28802 2 2 6 WRITE 2147779168 32 98030
28947 6 6 6 WRITE 2147779168 32 98460
29093 7 7 6 WRITE 2147779168 32 98890
29265 8 8 3 WRITE 2147779200 32 99320
29409 9 9 3 WRITE 2147779200 32 99750
29557 10 10 3 WRITE 2147779200 32 100180
29704 11 11 3 WRITE 2147779200 32 100610
29798 12 12 0 WRITE 2147779200 32 101040
29943 13 13 0 WRITE 2147779200 32 101470
30085 14 14 0 WRITE 2147779200 32 101900
30248 8 8 6 WRITE 2147779200 32 102330
30391 9 9 6 WRITE 2147779232 32 102760
30539 10 10 6 WRITE 2147779232 32 103190
30682 11 11 6 WRITE 2147779232 32 103620
30831 12 12 3 WRITE 2147779232 32 104050
30977 13 13 3 WRITE 2147779232 32 104480
31127 14 14 3 WRITE 2147779232 32 104910
31283 12 12 6 WRITE 2147779232 32 105340
31428 13 13 6 WRITE 2147779232 32 105770
31584 14 14 6 WRITE 2147779264 32 106200
31698 5 5 0 WRITE 2147779264 32 106630
31943 5 5 3 WRITE 2147779264 32 107060
31946 1 1 3 WRITE 2147779264 32 107490
32113 1 1 6 WRITE 2147779264 32 107920
32407 5 5 6 WRITE 2147779264 32 108350
32416 3 3 0 WRITE 2147779264 32 108780
32563 4 4 0 WRITE 2147779264 32 109210
32790 3 3 3 WRITE 2147779296 32 109640
32942 4 4 3 WRITE 2147779296 32 110070
33004 0 0 0 WRITE 2147779296 32 110500
33159 2 2 0 WRITE 2147779296 32 110930
33384 3 3 6 WRITE 2147779296 32 111360
33548 4 4 6 WRITE 2147779296 32 111790
33581 6 6 0 WRITE 2147779296 32 112220
33724 7 7 0 WRITE 2147779296 32 112650
33949 0 0 3 WRITE 2147779328 32 113080
34100 2 2 3 WRITE 2147779328 32 113510
34249 6 6 3 WRITE 2147779328 32 113940
34395 7 7 3 WRITE 2147779328 32 114370
34472 8 8 0 WRITE 2147779328 32 114800
34615 9 9 0 WRITE 2147779328 32 115230
34787 10 10 0 WRITE 2147779328 32 115660
34912 11 11 0 WRITE 2147779328 32 116090
35082 0 0 6 WRITE 2147779360 32 116520
35225 2 2 6 WRITE 2147779360 32 116950
35371 6 6 6 WRITE 2147779360 32 117380
35516 7 7 6 WRITE 2147779360 32 117810
35684 8 8 3 WRITE 2147779360 32 118240
35832 9 9 3 WRITE 2147779360 32 118670
35981 10 10 3 WRITE 2147779360 32 119100
36127 11 11 3 WRITE 2147779360 32 119530
36208 12 12 0 WRITE 2147779392 32 119960
36372 13 13 0 WRITE 2147779392 32 120390
36506 14 14 0 WRITE 2147779392 32 120820
36668 8 8 6 WRITE 2147779392 32 121250
36815 9 9 6 WRITE 2147779392 32 121680
36962 10 10 6 WRITE 2147779392 32 122110
37104 11 11 6 WRITE 2147779392 32 122540
37258 12 12 3 WRITE 2147779392 32 122970
37456 13 13 3 WRITE 2147779424 32 123400
37552 14 14 3 WRITE 2147779424 32 123830
37714 12 12 6 WRITE 2147779424 32 124260
37811 13 13 6 WRITE 2147779424 32 124690
38004 14 14 6 WRITE 2147779424 32 125120
38122 5 5 0 WRITE 2147779424 32 125550
38366 5 5 3 WRITE 2147779424 32 125980
38372 1 1 3 WRITE 2147779424 32 126410
38543 1 1 6 WRITE 2147779456 32 126840
38826 5 5 6 WRITE 2147779456 32 127270
38838 3 3 0 WRITE 2147779456 32 127700
38985 4 4 0 WRITE 2147779456 32 128130
39221 3 3 3 WRITE 2147779456 32 128560
39340 4 4 3 WRITE 2147779456 32 128990
39410 0 0 0 WRITE 2147779456 32 129420
39573 2 2 0 WRITE 2147779456 32 129850
39812 3 3 6 WRITE 2147779488 32 130280
39985 4 4 6 WRITE 2147779488 32 130710
40001 6 6 0 WRITE 2147779488 32 131140
40150 7 7 0 WRITE 2147779488 32 131570
40373 0 0 3 WRITE 2147779488 32 132000
40524 2 2 3 WRITE 2147779488 32 132430
40674 6 6 3 WRITE 2147779488 32 132860
40819 7 7 3 WRITE 2147779488 32 133290
40894 8 8 0 WRITE 2147779520 32 133720
41040 9 9 0 WRITE 2147779520 32 134150
41186 10 10 0 WRITE 2147779520 32 134580
41360 11 11 0 WRITE 2147779520 32 135010
41507 0 0 6 WRITE 2147779520 32 135440
41652 2 2 6 WRITE 2147779520 32 135870
41781 6 6 6 WRITE 2147779520 32 136300
41887 7 7 6 WRITE 2147779520 32 136730
41951 8 8 3 WRITE 2147779552 32 137160
42020 9 9 3 WRITE 2147779552 32 137590
42080 10 10 3 WRITE 2147779552 32 138020
42133 11 11 3 WRITE 2147779552 32 138450
42180 12 12 0 WRITE 2147779552 32 138880
42210 13 13 0 WRITE 2147779552 32 139310
42233 14 14 0 WRITE 2147779552 32 139740
42243 8 8 6 WRITE 2147779552 32 140170
11295 1 1 0 READ 4026532360 128 140750
45288 1 1 0 WRITE 2147778560 32 461850
