1 0 0 1 READ 4026531840 1024 170
143 4 4 1 READ 0 1024 3490
6696 1 1 0 READ 2147483648 1024 12080
8643 1 1 0 READ 2147581952 1024 18600
8682 4 4 1 READ 4026532872 1024 19340
9411 1 1 0 READ 2147680256 1024 22650
11382 5 5 0 WRITE 2147778560 1024 29010
11388 5 5 3 WRITE 2147778624 1024 29440
11396 1 1 3 WRITE 2147778592 1024 29870
11394 5 5 6 WRITE 2147778688 1024 30300
11400 1 1 6 WRITE 2147778656 1024 30730
11410 3 3 0 WRITE 2147778560 1024 31160
11427 4 4 0 WRITE 2147778560 1024 31590
11414 3 3 3 WRITE 2147778624 1024 32020
11431 4 4 3 WRITE 2147778624 1024 32450
11443 0 0 0 WRITE 2147778592 1024 32880
11460 2 2 0 WRITE 2147778560 1024 33310
11421 3 3 6 WRITE 2147778688 1024 33740
11438 4 4 6 WRITE 2147778688 1024 34170
11477 6 6 0 WRITE 2147778560 1024 34600
11494 7 7 0 WRITE 2147778560 1024 35030
11447 0 0 3 WRITE 2147778656 1024 35460
11464 2 2 3 WRITE 2147778624 1024 35890
11481 6 6 3 WRITE 2147778624 1024 36320
11499 7 7 3 WRITE 2147778624 1024 36750
11511 8 8 0 WRITE 2147778560 1024 37180
11526 9 9 0 WRITE 2147778592 1024 37610
11541 10 10 0 WRITE 2147778592 1024 38040
11553 11 11 0 WRITE 2147778592 1024 38470
11454 0 0 6 WRITE 2147778720 1024 38900
11471 2 2 6 WRITE 2147778656 1024 39330
11488 6 6 6 WRITE 2147778688 1024 39760
11505 7 7 6 WRITE 2147778688 1024 40190
11515 8 8 3 WRITE 2147778624 1024 40620
11530 9 9 3 WRITE 2147778624 1024 41050
11545 10 10 3 WRITE 2147778656 1024 41480
11558 11 11 3 WRITE 2147778656 1024 41910
11566 12 12 0 WRITE 2147778592 1024 42340
11580 13 13 0 WRITE 2147778592 1024 42770
11598 14 14 0 WRITE 2147778592 1024 43200
11521 8 8 6 WRITE 2147778688 1024 43630
11536 9 9 6 WRITE 2147778688 1024 44060
11549 10 10 6 WRITE 2147778688 1024 44490
11562 11 11 6 WRITE 2147778720 1024 44920
11571 12 12 3 WRITE 2147778656 1024 45350
11586 13 13 3 WRITE 2147778656 1024 45780
11604 14 14 3 WRITE 2147778656 1024 46210
11576 12 12 6 WRITE 2147778720 1024 46640
11592 13 13 6 WRITE 2147778720 1024 47070
11609 14 14 6 WRITE 2147778720 1024 47500
12654 5 5 0 WRITE 2147778720 1024 47930
12833 5 5 3 WRITE 2147778720 1024 48360
12876 1 1 3 WRITE 2147778720 1024 48790
13187 5 5 6 WRITE 2147778752 1024 49220
13211 1 1 6 WRITE 2147778752 1024 49650
13335 3 3 0 WRITE 2147778752 1024 50080
13483 4 4 0 WRITE 2147778752 1024 50510
13737 3 3 3 WRITE 2147778752 1024 50940
13869 4 4 3 WRITE 2147778752 1024 51370
13934 0 0 0 WRITE 2147778752 1024 51800
14088 2 2 0 WRITE 2147778752 1024 52230
14326 3 3 6 WRITE 2147778784 1024 52660
14483 4 4 6 WRITE 2147778784 1024 53090
14525 6 6 0 WRITE 2147778784 1024 53520
14674 7 7 0 WRITE 2147778784 1024 53950
14903 0 0 3 WRITE 2147778784 1024 54380
15057 2 2 3 WRITE 2147778784 1024 54810
15212 6 6 3 WRITE 2147778784 1024 55240
15363 7 7 3 WRITE 2147778784 1024 55670
15444 8 8 0 WRITE 2147778816 1024 56100
15592 9 9 0 WRITE 2147778816 1024 56530
15741 10 10 0 WRITE 2147778816 1024 56960
15892 11 11 0 WRITE 2147778816 1024 57390
16067 0 0 6 WRITE 2147778816 1024 57820
16215 2 2 6 WRITE 2147778816 1024 58250
16365 6 6 6 WRITE 2147778816 1024 58680
16515 7 7 6 WRITE 2147778816 1024 59110
16687 8 8 3 WRITE 2147778848 1024 59540
16842 9 9 3 WRITE 2147778848 1024 59970
16990 10 10 3 WRITE 2147778848 1024 60400
17140 11 11 3 WRITE 2147778848 1024 60830
17237 12 12 0 WRITE 2147778848 1024 61260
17388 13 13 0 WRITE 2147778848 1024 61690
17538 14 14 0 WRITE 2147778848 1024 62120
17701 8 8 6 WRITE 2147778848 1024 62550
17848 9 9 6 WRITE 2147778880 1024 62980
18000 10 10 6 WRITE 2147778880 1024 63410
18149 11 11 6 WRITE 2147778880 1024 63840
18302 12 12 3 WRITE 2147778880 1024 64270
18449 13 13 3 WRITE 2147778880 1024 64700
18607 14 14 3 WRITE 2147778880 1024 65130
18768 12 12 6 WRITE 2147778880 1024 65560
18914 13 13 6 WRITE 2147778880 1024 65990
19063 14 14 6 WRITE 2147778912 1024 66420
19210 5 5 0 WRITE 2147778912 1024 66850
19420 5 5 3 WRITE 2147778912 1024 67280
19478 1 1 3 WRITE 2147778912 1024 67710
19792 5 5 6 WRITE 2147778912 1024 68140
19837 1 1 6 WRITE 2147778912 1024 68570
19925 3 3 0 WRITE 2147778912 1024 69000
20075 4 4 0 WRITE 2147778912 1024 69430
20317 3 3 3 WRITE 2147778944 1024 69860
20463 4 4 3 WRITE 2147778944 1024 70290
20536 0 0 0 WRITE 2147778944 1024 70720
20679 2 2 0 WRITE 2147778944 1024 71150
20923 3 3 6 WRITE 2147778944 1024 71580
21084 4 4 6 WRITE 2147778944 1024 72010
21118 6 6 0 WRITE 2147778944 1024 72440
21272 7 7 0 WRITE 2147778944 1024 72870
21499 0 0 3 WRITE 2147778976 1024 73300
21653 2 2 3 WRITE 2147778976 1024 73730
21808 6 6 3 WRITE 2147778976 1024 74160
21956 7 7 3 WRITE 2147778976 1024 74590
22061 8 8 0 WRITE 2147778976 1024 75020
22185 9 9 0 WRITE 2147778976 1024 75450
22335 10 10 0 WRITE 2147778976 1024 75880
22512 11 11 0 WRITE 2147778976 1024 76310
22664 0 0 6 WRITE 2147779008 1024 76740
22809 2 2 6 WRITE 2147779008 1024 77170
22960 6 6 6 WRITE 2147779008 1024 77600
23110 7 7 6 WRITE 2147779008 1024 78030
23281 8 8 3 WRITE 2147779008 1024 78460
23432 9 9 3 WRITE 2147779008 1024 78890
23586 10 10 3 WRITE 2147779008 1024 79320
23736 11 11 3 WRITE 2147779008 1024 79750
23835 12 12 0 WRITE 2147779040 1024 80180
23965 13 13 0 WRITE 2147779040 1024 80610
24136 14 14 0 WRITE 2147779040 1024 81040
24291 8 8 6 WRITE 2147779040 1024 81470
24439 9 9 6 WRITE 2147779040 1024 81900
24588 10 10 6 WRITE 2147779040 1024 82330
24734 11 11 6 WRITE 2147779040 1024 82760
24887 12 12 3 WRITE 2147779040 1024 83190
25042 13 13 3 WRITE 2147779072 1024 83620
25247 14 14 3 WRITE 2147779072 1024 84050
25354 12 12 6 WRITE 2147779072 1024 84480
25507 13 13 6 WRITE 2147779072 1024 84910
25609 14 14 6 WRITE 2147779072 1024 85340
25834 5 5 0 WRITE 2147779072 1024 85770
26018 5 5 3 WRITE 2147779072 1024 86200
26109 1 1 3 WRITE 2147779072 1024 86630
26377 5 5 6 WRITE 2147779104 1024 87060
26458 1 1 6 WRITE 2147779104 1024 87490
26528 3 3 0 WRITE 2147779104 1024 87920
26669 4 4 0 WRITE 2147779104 1024 88350
26913 3 3 3 WRITE 2147779104 1024 88780
27061 4 4 3 WRITE 2147779104 1024 89210
27130 0 0 0 WRITE 2147779104 1024 89640
27262 2 2 0 WRITE 2147779104 1024 90070
27518 3 3 6 WRITE 2147779136 1024 90500
27683 4 4 6 WRITE 2147779136 1024 90930
27715 6 6 0 WRITE 2147779136 1024 91360
27863 7 7 0 WRITE 2147779136 1024 91790
28094 0 0 3 WRITE 2147779136 1024 92220
28249 2 2 3 WRITE 2147779136 1024 92650
28403 6 6 3 WRITE 2147779136 1024 93080
28554 7 7 3 WRITE 2147779136 1024 93510
28636 8 8 0 WRITE 2147779168 1024 93940
28781 9 9 0 WRITE 2147779168 1024 94370
28936 10 10 0 WRITE 2147779168 1024 94800
29086 11 11 0 WRITE 2147779168 1024 95230
29262 0 0 6 WRITE 2147779168 1024 95660
29408 2 2 6 WRITE 2147779168 1024 96090
29561 6 6 6 WRITE 2147779168 1024 96520
29711 7 7 6 WRITE 2147779168 1024 96950
29883 8 8 3 WRITE 2147779200 1024 97380
29968 9 9 3 WRITE 2147779200 1024 97810
30185 10 10 3 WRITE 2147779200 1024 98240
30333 11 11 3 WRITE 2147779200 1024 98670
30431 12 12 0 WRITE 2147779200 1024 99100
30582 13 13 0 WRITE 2147779200 1024 99530
30732 14 14 0 WRITE 2147779200 1024 99960
30895 8 8 6 WRITE 2147779200 1024 100390
31050 9 9 6 WRITE 2147779232 1024 100820
31193 10 10 6 WRITE 2147779232 1024 101250
31337 11 11 6 WRITE 2147779232 1024 101680
31496 12 12 3 WRITE 2147779232 1024 102110
31638 13 13 3 WRITE 2147779232 1024 102540
31794 14 14 3 WRITE 2147779232 1024 102970
31956 12 12 6 WRITE 2147779232 1024 103400
32098 13 13 6 WRITE 2147779232 1024 103830
32253 14 14 6 WRITE 2147779264 1024 104260
32437 5 5 0 WRITE 2147779264 1024 104690
32619 5 5 3 WRITE 2147779264 1024 105120
32663 1 1 3 WRITE 2147779264 1024 105550
32975 5 5 6 WRITE 2147779264 1024 105980
33051 1 1 6 WRITE 2147779264 1024 106410
33121 3 3 0 WRITE 2147779264 1024 106840
33270 4 4 0 WRITE 2147779264 1024 107270
33513 3 3 3 WRITE 2147779296 1024 107700
33662 4 4 3 WRITE 2147779296 1024 108130
33731 0 0 0 WRITE 2147779296 1024 108560
33880 2 2 0 WRITE 2147779296 1024 108990
34120 3 3 6 WRITE 2147779296 1024 109420
34282 4 4 6 WRITE 2147779296 1024 109850
34319 6 6 0 WRITE 2147779296 1024 110280
34474 7 7 0 WRITE 2147779296 1024 110710
34694 0 0 3 WRITE 2147779328 1024 111140
34848 2 2 3 WRITE 2147779328 1024 111570
35003 6 6 3 WRITE 2147779328 1024 112000
35154 7 7 3 WRITE 2147779328 1024 112430
35235 8 8 0 WRITE 2147779328 1024 112860
35383 9 9 0 WRITE 2147779328 1024 113290
35532 10 10 0 WRITE 2147779328 1024 113720
35683 11 11 0 WRITE 2147779328 1024 114150
35859 0 0 6 WRITE 2147779360 1024 114580
36005 2 2 6 WRITE 2147779360 1024 115010
36156 6 6 6 WRITE 2147779360 1024 115440
36308 7 7 6 WRITE 2147779360 1024 115870
36479 8 8 3 WRITE 2147779360 1024 116300
36630 9 9 3 WRITE 2147779360 1024 116730
36783 10 10 3 WRITE 2147779360 1024 117160
36933 11 11 3 WRITE 2147779360 1024 117590
37032 12 12 0 WRITE 2147779392 1024 118020
37183 13 13 0 WRITE 2147779392 1024 118450
37328 14 14 0 WRITE 2147779392 1024 118880
37494 8 8 6 WRITE 2147779392 1024 119310
37639 9 9 6 WRITE 2147779392 1024 119740
37792 10 10 6 WRITE 2147779392 1024 120170
37936 11 11 6 WRITE 2147779392 1024 120600
38088 12 12 3 WRITE 2147779392 1024 121030
38232 13 13 3 WRITE 2147779424 1024 121460
38395 14 14 3 WRITE 2147779424 1024 121890
38548 12 12 6 WRITE 2147779424 1024 122320
38694 13 13 6 WRITE 2147779424 1024 122750
38855 14 14 6 WRITE 2147779424 1024 123180
39036 5 5 0 WRITE 2147779424 1024 123610
39218 5 5 3 WRITE 2147779424 1024 124040
39279 1 1 3 WRITE 2147779424 1024 124470
39574 5 5 6 WRITE 2147779456 1024 124900
39605 1 1 6 WRITE 2147779456 1024 125330
39721 3 3 0 WRITE 2147779456 1024 125760
39870 4 4 0 WRITE 2147779456 1024 126190
40123 3 3 3 WRITE 2147779456 1024 126620
40256 4 4 3 WRITE 2147779456 1024 127050
40321 0 0 0 WRITE 2147779456 1024 127480
40476 2 2 0 WRITE 2147779456 1024 127910
40712 3 3 6 WRITE 2147779488 1024 128340
40871 4 4 6 WRITE 2147779488 1024 128770
40914 6 6 0 WRITE 2147779488 1024 129200
41061 7 7 0 WRITE 2147779488 1024 129630
41290 0 0 3 WRITE 2147779488 1024 130060
41445 2 2 3 WRITE 2147779488 1024 130490
41599 6 6 3 WRITE 2147779488 1024 130920
41750 7 7 3 WRITE 2147779488 1024 131350
41832 8 8 0 WRITE 2147779520 1024 131780
41981 9 9 0 WRITE 2147779520 1024 132210
42131 10 10 0 WRITE 2147779520 1024 132640
42282 11 11 0 WRITE 2147779520 1024 133070
42458 0 0 6 WRITE 2147779520 1024 133500
42605 2 2 6 WRITE 2147779520 1024 133930
42737 6 6 6 WRITE 2147779520 1024 134360
42846 7 7 6 WRITE 2147779520 1024 134790
42950 8 8 3 WRITE 2147779552 1024 135220
42989 9 9 3 WRITE 2147779552 1024 135650
43054 10 10 3 WRITE 2147779552 1024 136080
43111 11 11 3 WRITE 2147779552 1024 136510
43162 12 12 0 WRITE 2147779552 1024 136940
43200 13 13 0 WRITE 2147779552 1024 137370
43226 14 14 0 WRITE 2147779552 1024 137800
43239 8 8 6 WRITE 2147779552 1024 138230
45459 1 1 0 WRITE 2147778560 1024 353700
