1 0 0 1 READ 4026531840 128 170
143 4 4 1 READ 0 128 3340
5187 3 3 3 READ 4026531968 128 6670
6246 1 1 2 READ 4026532592 128 10000
6527 1 1 0 READ 2147483648 128 12850
6941 5 5 0 READ 4026532608 128 13300
7197 1 1 0 READ 4026532104 128 16470
7537 0 0 1 READ 4026532744 128 16920
8217 1 1 0 READ 2147581952 128 19620
8529 4 4 1 READ 4026532872 128 20540
9236 1 1 0 READ 2147680256 128 23550
9526 3 3 2 READ 4026533000 128 24160
10256 1 1 0 READ 4026532232 128 27330
10592 1 1 3 READ 4026533120 128 27780
11216 5 5 0 WRITE 2147778560 128 30960
11222 5 5 3 WRITE 2147778624 128 31390
11230 1 1 3 WRITE 2147778592 128 31820
11228 5 5 6 WRITE 2147778688 128 32250
11235 1 1 6 WRITE 2147778656 128 32680
11245 3 3 0 WRITE 2147778560 128 33110
11263 4 4 0 WRITE 2147778560 128 33540
11250 3 3 3 WRITE 2147778624 128 33970
11267 4 4 3 WRITE 2147778624 128 34400
11279 0 0 0 WRITE 2147778592 128 34830
11297 2 2 0 WRITE 2147778560 128 35260
11257 3 3 6 WRITE 2147778688 128 35690
11274 4 4 6 WRITE 2147778688 128 36120
11314 6 6 0 WRITE 2147778560 128 36550
11332 7 7 0 WRITE 2147778560 128 36980
11283 0 0 3 WRITE 2147778656 128 37410
11301 2 2 3 WRITE 2147778624 128 37840
11318 6 6 3 WRITE 2147778624 128 38270
11337 7 7 3 WRITE 2147778624 128 38700
11349 8 8 0 WRITE 2147778560 128 39130
11364 9 9 0 WRITE 2147778592 128 39560
11380 10 10 0 WRITE 2147778592 128 39990
11393 11 11 0 WRITE 2147778592 128 40420
11290 0 0 6 WRITE 2147778720 128 40850
11308 2 2 6 WRITE 2147778656 128 41280
11326 6 6 6 WRITE 2147778688 128 41710
11343 7 7 6 WRITE 2147778688 128 42140
11353 8 8 3 WRITE 2147778624 128 42570
11368 9 9 3 WRITE 2147778624 128 43000
11384 10 10 3 WRITE 2147778656 128 43430
11399 11 11 3 WRITE 2147778656 128 43860
11411 12 12 0 WRITE 2147778592 128 44290
11430 13 13 0 WRITE 2147778592 128 44720
11449 14 14 0 WRITE 2147778592 128 45150
11359 8 8 6 WRITE 2147778688 128 45580
11374 9 9 6 WRITE 2147778688 128 46010
11388 10 10 6 WRITE 2147778688 128 46440
11404 11 11 6 WRITE 2147778720 128 46870
11418 12 12 3 WRITE 2147778656 128 47300
11436 13 13 3 WRITE 2147778656 128 47730
11454 14 14 3 WRITE 2147778656 128 48160
11424 12 12 6 WRITE 2147778720 128 48590
11443 13 13 6 WRITE 2147778720 128 49020
11459 14 14 6 WRITE 2147778720 128 49450
12484 5 5 0 WRITE 2147778720 128 49880
12657 5 5 3 WRITE 2147778720 128 50310
12690 1 1 3 WRITE 2147778720 128 50740
13011 5 5 6 WRITE 2147778752 128 51170
13014 1 1 6 WRITE 2147778752 128 51600
13142 3 3 0 WRITE 2147778752 128 52030
13289 4 4 0 WRITE 2147778752 128 52460
13525 3 3 3 WRITE 2147778752 128 52890
13644 4 4 3 WRITE 2147778752 128 53320
13714 0 0 0 WRITE 2147778752 128 53750
13877 2 2 0 WRITE 2147778752 128 54180
14116 3 3 6 WRITE 2147778784 128 54610
14289 4 4 6 WRITE 2147778784 128 55040
14305 6 6 0 WRITE 2147778784 128 55470
14454 7 7 0 WRITE 2147778784 128 55900
14677 0 0 3 WRITE 2147778784 128 56330
14828 2 2 3 WRITE 2147778784 128 56760
14978 6 6 3 WRITE 2147778784 128 57190
15123 7 7 3 WRITE 2147778784 128 57620
15198 8 8 0 WRITE 2147778816 128 58050
15344 9 9 0 WRITE 2147778816 128 58480
15490 10 10 0 WRITE 2147778816 128 58910
15664 11 11 0 WRITE 2147778816 128 59340
15811 0 0 6 WRITE 2147778816 128 59770
15956 2 2 6 WRITE 2147778816 128 60200
16102 6 6 6 WRITE 2147778816 128 60630
16249 7 7 6 WRITE 2147778816 128 61060
16354 8 8 3 WRITE 2147778848 128 61490
16560 9 9 3 WRITE 2147778848 128 61920
16708 10 10 3 WRITE 2147778848 128 62350
16854 11 11 3 WRITE 2147778848 128 62780
16948 12 12 0 WRITE 2147778848 128 63210
17097 13 13 0 WRITE 2147778848 128 63640
17223 14 14 0 WRITE 2147778848 128 64070
17410 8 8 6 WRITE 2147778848 128 64500
17543 9 9 6 WRITE 2147778880 128 64930
17691 10 10 6 WRITE 2147778880 128 65360
17829 11 11 6 WRITE 2147778880 128 65790
17981 12 12 3 WRITE 2147778880 128 66220
18125 13 13 3 WRITE 2147778880 128 66650
18280 14 14 3 WRITE 2147778880 128 67080
18430 12 12 6 WRITE 2147778880 128 67510
18573 13 13 6 WRITE 2147778880 128 67940
18729 14 14 6 WRITE 2147778912 128 68370
18906 5 5 0 WRITE 2147778912 128 68800
19082 5 5 3 WRITE 2147778912 128 69230
19118 1 1 3 WRITE 2147778912 128 69660
19430 5 5 6 WRITE 2147778912 128 70090
19438 1 1 6 WRITE 2147778912 128 70520
19568 3 3 0 WRITE 2147778912 128 70950
19710 4 4 0 WRITE 2147778912 128 71380
19949 3 3 3 WRITE 2147778944 128 71810
20094 4 4 3 WRITE 2147778944 128 72240
20161 0 0 0 WRITE 2147778944 128 72670
20290 2 2 0 WRITE 2147778944 128 73100
20540 3 3 6 WRITE 2147778944 128 73530
20699 4 4 6 WRITE 2147778944 128 73960
20739 6 6 0 WRITE 2147778944 128 74390
20887 7 7 0 WRITE 2147778944 128 74820
21100 0 0 3 WRITE 2147778976 128 75250
21251 2 2 3 WRITE 2147778976 128 75680
21401 6 6 3 WRITE 2147778976 128 76110
21547 7 7 3 WRITE 2147778976 128 76540
21626 8 8 0 WRITE 2147778976 128 76970
21769 9 9 0 WRITE 2147778976 128 77400
21916 10 10 0 WRITE 2147778976 128 77830
22064 11 11 0 WRITE 2147778976 128 78260
22234 0 0 6 WRITE 2147779008 128 78690
22377 2 2 6 WRITE 2147779008 128 79120
22523 6 6 6 WRITE 2147779008 128 79550
22668 7 7 6 WRITE 2147779008 128 79980
22836 8 8 3 WRITE 2147779008 128 80410
22984 9 9 3 WRITE 2147779008 128 80840
23132 10 10 3 WRITE 2147779008 128 81270
23280 11 11 3 WRITE 2147779008 128 81700
23375 12 12 0 WRITE 2147779040 128 82130
23518 13 13 0 WRITE 2147779040 128 82560
23663 14 14 0 WRITE 2147779040 128 82990
23823 8 8 6 WRITE 2147779040 128 83420
23967 9 9 6 WRITE 2147779040 128 83850
24116 10 10 6 WRITE 2147779040 128 84280
24252 11 11 6 WRITE 2147779040 128 84710
24402 12 12 3 WRITE 2147779040 128 85140
24554 13 13 3 WRITE 2147779072 128 85570
24699 14 14 3 WRITE 2147779072 128 86000
24849 12 12 6 WRITE 2147779072 128 86430
25000 13 13 6 WRITE 2147779072 128 86860
25146 14 14 6 WRITE 2147779072 128 87290
25312 5 5 0 WRITE 2147779072 128 87720
25527 5 5 3 WRITE 2147779072 128 88150
25538 1 1 3 WRITE 2147779072 128 88580
25862 1 1 6 WRITE 2147779104 128 89010
25870 5 5 6 WRITE 2147779104 128 89440
25996 3 3 0 WRITE 2147779104 128 89870
26146 4 4 0 WRITE 2147779104 128 90300
26370 3 3 3 WRITE 2147779104 128 90730
26516 4 4 3 WRITE 2147779104 128 91160
26582 0 0 0 WRITE 2147779104 128 91590
26731 2 2 0 WRITE 2147779104 128 92020
26958 3 3 6 WRITE 2147779136 128 92450
27132 4 4 6 WRITE 2147779136 128 92880
27158 6 6 0 WRITE 2147779136 128 93310
27308 7 7 0 WRITE 2147779136 128 93740
27524 0 0 3 WRITE 2147779136 128 94170
27675 2 2 3 WRITE 2147779136 128 94600
27825 6 6 3 WRITE 2147779136 128 95030
27971 7 7 3 WRITE 2147779136 128 95460
28050 8 8 0 WRITE 2147779168 128 95890
28193 9 9 0 WRITE 2147779168 128 96320
28340 10 10 0 WRITE 2147779168 128 96750
28488 11 11 0 WRITE 2147779168 128 97180
28658 0 0 6 WRITE 2147779168 128 97610
28802 2 2 6 WRITE 2147779168 128 98040
28947 6 6 6 WRITE 2147779168 128 98470
29093 7 7 6 WRITE 2147779168 128 98900
29265 8 8 3 WRITE 2147779200 128 99330
29409 9 9 3 WRITE 2147779200 128 99760
29557 10 10 3 WRITE 2147779200 128 100190
29704 11 11 3 WRITE 2147779200 128 100620
29798 12 12 0 WRITE 2147779200 128 101050
29943 13 13 0 WRITE 2147779200 128 101480
30085 14 14 0 WRITE 2147779200 128 101910
30248 8 8 6 WRITE 2147779200 128 102340
30391 9 9 6 WRITE 2147779232 128 102770
30539 10 10 6 WRITE 2147779232 128 103200
30682 11 11 6 WRITE 2147779232 128 103630
30831 12 12 3 WRITE 2147779232 128 104060
30977 13 13 3 WRITE 2147779232 128 104490
31127 14 14 3 WRITE 2147779232 128 104920
31283 12 12 6 WRITE 2147779232 128 105350
31428 13 13 6 WRITE 2147779232 128 105780
31584 14 14 6 WRITE 2147779264 128 106210
31698 5 5 0 WRITE 2147779264 128 106640
31943 5 5 3 WRITE 2147779264 128 107070
31946 1 1 3 WRITE 2147779264 128 107500
32113 1 1 6 WRITE 2147779264 128 107930
32407 5 5 6 WRITE 2147779264 128 108360
32416 3 3 0 WRITE 2147779264 128 108790
32563 4 4 0 WRITE 2147779264 128 109220
32790 3 3 3 WRITE 2147779296 128 109650
32942 4 4 3 WRITE 2147779296 128 110080
33004 0 0 0 WRITE 2147779296 128 110510
33159 2 2 0 WRITE 2147779296 128 110940
33384 3 3 6 WRITE 2147779296 128 111370
33548 4 4 6 WRITE 2147779296 128 111800
33581 6 6 0 WRITE 2147779296 128 112230
33724 7 7 0 WRITE 2147779296 128 112660
33949 0 0 3 WRITE 2147779328 128 113090
34100 2 2 3 WRITE 2147779328 128 113520
34249 6 6 3 WRITE 2147779328 128 113950
34395 7 7 3 WRITE 2147779328 128 114380
34472 8 8 0 WRITE 2147779328 128 114810
34615 9 9 0 WRITE 2147779328 128 115240
34787 10 10 0 WRITE 2147779328 128 115670
34912 11 11 0 WRITE 2147779328 128 116100
35082 0 0 6 WRITE 2147779360 128 116530
35225 2 2 6 WRITE 2147779360 128 116960
35371 6 6 6 WRITE 2147779360 128 117390
35516 7 7 6 WRITE 2147779360 128 117820
35684 8 8 3 WRITE 2147779360 128 118250
35832 9 9 3 WRITE 2147779360 128 118680
35981 10 10 3 WRITE 2147779360 128 119110
36127 11 11 3 WRITE 2147779360 128 119540
36208 12 12 0 WRITE 2147779392 128 119970
36372 13 13 0 WRITE 2147779392 128 120400
36506 14 14 0 WRITE 2147779392 128 120830
36668 8 8 6 WRITE 2147779392 128 121260
36815 9 9 6 WRITE 2147779392 128 121690
36962 10 10 6 WRITE 2147779392 128 122120
37104 11 11 6 WRITE 2147779392 128 122550
37258 12 12 3 WRITE 2147779392 128 122980
37456 13 13 3 WRITE 2147779424 128 123410
37552 14 14 3 WRITE 2147779424 128 123840
37714 12 12 6 WRITE 2147779424 128 124270
37811 13 13 6 WRITE 2147779424 128 124700
38004 14 14 6 WRITE 2147779424 128 125130
38122 5 5 0 WRITE 2147779424 128 125560
38366 5 5 3 WRITE 2147779424 128 125990
38372 1 1 3 WRITE 2147779424 128 126420
38543 1 1 6 WRITE 2147779456 128 126850
38826 5 5 6 WRITE 2147779456 128 127280
38838 3 3 0 WRITE 2147779456 128 127710
38985 4 4 0 WRITE 2147779456 128 128140
39221 3 3 3 WRITE 2147779456 128 128570
39340 4 4 3 WRITE 2147779456 128 129000
39410 0 0 0 WRITE 2147779456 128 129430
39573 2 2 0 WRITE 2147779456 128 129860
39812 3 3 6 WRITE 2147779488 128 130290
39985 4 4 6 WRITE 2147779488 128 130720
40001 6 6 0 WRITE 2147779488 128 131150
40150 7 7 0 WRITE 2147779488 128 131580
40373 0 0 3 WRITE 2147779488 128 132010
40524 2 2 3 WRITE 2147779488 128 132440
40674 6 6 3 WRITE 2147779488 128 132870
40819 7 7 3 WRITE 2147779488 128 133300
40894 8 8 0 WRITE 2147779520 128 133730
41040 9 9 0 WRITE 2147779520 128 134160
41186 10 10 0 WRITE 2147779520 128 134590
41360 11 11 0 WRITE 2147779520 128 135020
41507 0 0 6 WRITE 2147779520 128 135450
41652 2 2 6 WRITE 2147779520 128 135880
41781 6 6 6 WRITE 2147779520 128 136310
41887 7 7 6 WRITE 2147779520 128 136740
41951 8 8 3 WRITE 2147779552 128 137170
42020 9 9 3 WRITE 2147779552 128 137600
42080 10 10 3 WRITE 2147779552 128 138030
42133 11 11 3 WRITE 2147779552 128 138460
42180 12 12 0 WRITE 2147779552 128 138890
42210 13 13 0 WRITE 2147779552 128 139320
42233 14 14 0 WRITE 2147779552 128 139750
42243 8 8 6 WRITE 2147779552 128 140180
11295 1 1 0 READ 4026532360 128 140760
45288 1 1 0 WRITE 2147778560 128 461860
