1 0 0 1 READ 4026531840 2048 160
4450 4 4 36 READ 0 2048 3340
11107 3 3 0 READ 4026531968 2048 6840
21322 7 7 0 READ 2151776256 2048 12270
21338 7 7 0 READ 2147581952 2048 12730
21386 7 7 2 READ 2147582208 2048 13190
21446 3 3 0 READ 2151710720 2048 13650
21500 7 7 8 READ 2152022016 2048 14180
21518 7 7 8 READ 2147827712 2048 14640
21572 7 7 10 READ 2152022272 2048 15110
22036 2 2 38 READ 2152678144 2048 15570
21591 7 7 10 READ 2147827968 2048 16030
22060 2 2 38 READ 2148483840 2048 16490
22021 6 6 0 READ 2151759872 2048 16950
1 0 0 1 READ 4026531840 2048 160
4450 4 4 36 READ 0 2048 3340
11107 3 3 0 READ 4026531968 2048 6840
21322 7 7 0 READ 2151776256 2048 12270
21338 7 7 0 READ 2147581952 2048 12730
21386 7 7 2 READ 2147582208 2048 13190
21446 3 3 0 READ 2151710720 2048 13650
21500 7 7 8 READ 2152022016 2048 14180
21518 7 7 8 READ 2147827712 2048 14640
21572 7 7 10 READ 2152022272 2048 15110
22036 2 2 38 READ 2152678144 2048 15570
21591 7 7 10 READ 2147827968 2048 16030
22060 2 2 38 READ 2148483840 2048 16490
22021 6 6 0 READ 2151759872 2048 16950
