1 0 0 1 READ 4026531840 2048 160
4867 4 4 0 READ 0 2048 3640
18307 1 1 0 READ 2147683840 2048 10310
18426 4 4 0 READ 2147486720 2048 11070
18445 4 4 34 READ 2147748608 2048 11830
18915 3 3 34 READ 2147747584 2048 12580
19886 2 2 0 READ 2147484672 2048 13440
19839 7 7 36 READ 2147551744 2048 14500
18999 0 0 8 READ 2147713536 2048 16020
18585 3 3 17 READ 2147716736 2048 16770
18257 3 3 0 READ 2147685888 2048 17530
18331 4 4 0 READ 2147686912 2048 18290
19292 6 6 16 READ 2147719680 2048 19060
18669 3 3 21 READ 2147717248 2048 19820
18921 6 6 0 READ 2147688960 2048 20590
20132 11 11 16 READ 2147724800 2048 21360
19762 9 9 16 READ 2147722752 2048 22110
18562 0 0 34 READ 2147759872 2048 22870
18600 0 0 0 READ 2147497984 2048 23620
18621 0 0 36 READ 2147760128 2048 24380
19400 10 10 2 READ 2147693312 2048 25140
19181 0 0 16 READ 2147728896 2048 25900
18459 0 0 0 READ 2147698176 2048 26740
18499 0 0 4 READ 2147698688 2048 27490
19280 0 0 20 READ 2147729408 2048 28250
18772 3 3 24 READ 2147731968 2048 29000
18405 3 3 8 READ 2147701248 2048 29770
18387 4 4 31 READ 2147733888 2048 30530
19193 6 6 12 READ 2147704832 2048 31300
19550 9 9 8 READ 2147707392 2048 32050
19579 10 10 31 READ 2147740032 2048 32810
19904 11 11 8 READ 2147709440 2048 33570
18580 0 0 31 READ 2147745152 2048 34330
19189 4 4 34 READ 2147548416 2048 35080
20776 13 13 24 READ 2147742208 2048 35830
57460 6 6 32 READ 2147550208 2048 36590
41732 5 5 16 READ 2147518464 2048 37350
35441 3 3 16 READ 2147516416 2048 38100
19011 7 7 36 READ 2147751936 2048 38870
19053 5 5 36 READ 2147749888 2048 39630
19077 5 5 0 READ 2147487744 2048 40390
58929 9 9 16 READ 2147522560 2048 41150
60912 7 7 16 READ 2147520512 2048 41910
19173 8 8 0 READ 2147691008 2048 42670
50853 14 14 16 READ 2147527680 2048 43430
70033 6 6 16 WRITE 2147919872 128 44180
70050 6 6 18 WRITE 2147920128 128 44910
19792 11 11 4 READ 2147694592 2048 45360
20250 11 11 20 READ 2147725312 2048 46120
19266 5 5 8 READ 2147503104 2048 46890
29751 3 3 8 READ 2147501056 2048 47640
34009 3 3 46 READ 2147763456 2048 48390
38078 4 4 46 READ 2147764480 2048 49140
42493 6 6 46 READ 2147566336 2048 49890
46501 8 8 46 READ 2147568384 2048 50970
56114 6 6 24 READ 2147534848 2048 52160
19146 6 6 8 READ 2147704320 2048 53250
19647 6 6 28 READ 2147735552 2048 54010
20915 14 14 40 READ 2147773952 2048 54770
37467 0 0 46 READ 2147575552 2048 55520
48480 11 11 46 READ 2147771648 2048 56270
48299 10 10 8 READ 2147508224 2048 57020
20040 9 9 24 READ 2147738112 2048 57780
20345 14 14 8 READ 2147712512 2048 58670
42285 2 2 32 READ 2147546112 2048 59430
20522 12 12 34 READ 2147556608 2048 60220
20485 10 10 34 READ 2147554560 2048 60980
34284 7 7 0 READ 2147489792 2048 61730
19476 10 10 0 READ 2147492864 2048 62500
19500 10 10 34 READ 2147754752 2048 63260
19740 12 12 34 READ 2147756800 2048 64010
19354 0 0 34 READ 2147559680 2048 64760
20803 13 13 36 READ 2147557888 2048 65510
21168 12 12 0 READ 2147494912 2048 66530
43004 2 2 0 WRITE 2147885056 128 67410
41561 3 3 2 WRITE 2147886336 128 67840
41577 3 3 0 WRITE 2147886080 128 68650
41593 3 3 1 WRITE 2147886208 128 69080
42675 4 4 2 WRITE 2147887360 128 69610
74493 5 5 0 WRITE 2147888128 128 70100
74402 6 6 32 WRITE 2147950592 128 70530
76008 7 7 38 WRITE 2147952384 128 70960
90188 8 8 32 WRITE 2147952640 128 71390
74309 6 6 22 WRITE 2147920640 128 71830
74325 6 6 20 WRITE 2147920384 128 72260
72766 5 5 20 WRITE 2147919360 128 72690
74509 5 5 16 WRITE 2147918848 128 73120
77702 7 7 18 WRITE 2147921152 128 73550
77720 7 7 20 WRITE 2147921408 128 73980
77736 7 7 16 WRITE 2147920896 128 74410
77765 7 7 22 WRITE 2147921664 128 74840
62126 11 11 16 READ 2147524608 2048 75270
74572 5 5 18 WRITE 2147919104 128 76020
20724 14 14 0 READ 2147496960 2048 76460
36473 3 3 24 READ 2147531776 2048 77230
46921 0 0 16 READ 2147528704 2048 77980
56206 5 5 24 READ 2147533824 2048 78750
42306 6 6 46 READ 2147766528 2048 79520
43100 6 6 8 READ 2147504128 2048 80270
45370 9 9 8 READ 2147507200 2048 81020
45463 9 9 46 READ 2147769600 2048 81770
61097 9 9 24 READ 2147537920 2048 82530
76048 13 13 8 READ 2147511296 2048 83420
48988 0 0 24 READ 2147544064 2048 84180
20940 14 14 8 READ 2147512320 2048 84940
37286 0 0 46 READ 2147775744 2048 85690
110095 1 1 32 WRITE 2147945472 128 86470
113195 1 1 34 WRITE 2147945728 128 86900
114043 1 1 38 WRITE 2147946240 128 87330
114058 1 1 36 WRITE 2147945984 128 87760
130228 1 1 33 WRITE 2147945600 128 88190
36880 1 1 0 WRITE 2147884032 128 88640
36896 1 1 2 WRITE 2147884288 128 89070
37032 1 1 1 WRITE 2147884160 128 89500
37047 1 1 4 WRITE 2147884544 128 89930
76240 1 1 6 WRITE 2147884800 128 90360
77209 4 4 36 WRITE 2147949056 128 90790
76664 1 1 3 WRITE 2147884416 128 91220
103800 4 4 34 WRITE 2147948800 128 91650
101251 1 1 5 WRITE 2147884672 128 92080
128904 1 1 7 WRITE 2147884928 128 92510
103745 2 2 36 WRITE 2147947008 128 92940
124448 4 4 32 WRITE 2147948544 128 93370
124610 4 4 38 WRITE 2147949312 128 93800
124155 3 3 38 WRITE 2147948288 128 94230
124185 3 3 32 WRITE 2147947520 128 94660
124201 3 3 34 WRITE 2147947776 128 95090
124217 3 3 36 WRITE 2147948032 128 95520
124041 5 5 38 WRITE 2147950336 128 95950
124059 5 5 32 WRITE 2147949568 128 96380
124157 5 5 34 WRITE 2147949824 128 96810
124251 5 5 36 WRITE 2147950080 128 97240
123507 2 2 32 WRITE 2147946496 128 97670
123891 2 2 34 WRITE 2147946752 128 98100
129038 2 2 38 WRITE 2147947264 128 98530
74898 3 3 22 WRITE 2147917568 128 98970
76634 3 3 16 WRITE 2147916800 128 99400
77068 3 3 18 WRITE 2147917056 128 99830
77099 3 3 20 WRITE 2147917312 128 100260
43186 2 2 2 WRITE 2147885312 128 100700
41623 3 3 6 WRITE 2147886848 128 101130
42690 4 4 0 WRITE 2147887104 128 101560
74525 5 5 2 WRITE 2147888384 128 101990
86383 6 6 38 WRITE 2147951360 128 102420
77781 7 7 36 WRITE 2147952128 128 102850
55861 2 2 4 WRITE 2147885568 128 103280
41638 3 3 4 WRITE 2147886592 128 103710
77179 4 4 6 WRITE 2147887872 128 104140
74556 5 5 4 WRITE 2147888640 128 104570
77225 4 4 4 WRITE 2147887616 128 105000
80951 5 5 3 WRITE 2147888512 128 105430
80967 5 5 6 WRITE 2147888896 128 105860
105825 5 5 7 WRITE 2147889024 128 106290
105878 8 8 34 WRITE 2147952896 128 106720
105894 8 8 36 WRITE 2147953152 128 107150
107316 8 8 38 WRITE 2147953408 128 107580
56328 2 2 6 WRITE 2147885824 128 108010
77084 3 3 3 WRITE 2147886464 128 108440
105758 5 5 22 WRITE 2147919616 128 108880
124400 6 6 19 WRITE 2147920256 128 109310
110570 4 4 16 WRITE 2147917824 128 109740
124039 4 4 18 WRITE 2147918080 128 110170
124285 4 4 20 WRITE 2147918336 128 110600
124595 4 4 22 WRITE 2147918592 128 111030
134995 4 4 17 WRITE 2147917952 128 111460
135124 4 4 19 WRITE 2147918208 128 111890
135218 4 4 21 WRITE 2147918464 128 112320
135313 4 4 23 WRITE 2147918720 128 112750
34099 3 3 46 READ 2147563264 2048 113190
41639 4 4 46 READ 2147564288 2048 113950
105432 8 8 0 WRITE 2147891200 128 114700
105811 8 8 2 WRITE 2147891456 128 115440
105829 8 8 6 WRITE 2147891968 128 116190
76151 8 8 18 WRITE 2147922176 128 116630
76167 8 8 16 WRITE 2147921920 128 117060
77888 8 8 20 WRITE 2147922432 128 117490
78257 8 8 22 WRITE 2147922688 128 117920
77515 9 9 16 WRITE 2147922944 128 118350
77981 9 9 22 WRITE 2147923712 128 118780
77996 9 9 18 WRITE 2147923200 128 119210
78012 9 9 20 WRITE 2147923456 128 119640
82932 10 10 20 WRITE 2147924480 128 120070
82948 10 10 16 WRITE 2147923968 128 120500
82964 10 10 18 WRITE 2147924224 128 120930
82993 10 10 22 WRITE 2147924736 128 121360
123897 8 8 17 WRITE 2147922048 128 121790
123994 8 8 19 WRITE 2147922304 128 122220
124010 8 8 21 WRITE 2147922560 128 122650
124027 8 8 23 WRITE 2147922816 128 123080
126145 14 14 34 WRITE 2147959040 128 123520
126239 14 14 36 WRITE 2147959296 128 123950
130196 1 1 46 WRITE 2147961600 128 124380
130212 1 1 47 WRITE 2147961728 128 124810
129480 14 14 38 WRITE 2147959552 128 125240
134470 12 12 6 WRITE 2147896064 128 125670
134489 12 12 0 WRITE 2147895296 128 126100
134523 12 12 2 WRITE 2147895552 128 126530
138320 12 12 4 WRITE 2147895808 128 126960
134160 14 14 32 WRITE 2147958784 128 127390
157984 11 11 0 WRITE 2147894272 128 127820
159141 11 11 2 WRITE 2147894528 128 128250
181540 12 12 1 WRITE 2147895424 128 128680
181554 12 12 3 WRITE 2147895680 128 129110
181570 12 12 5 WRITE 2147895936 128 129540
181657 12 12 7 WRITE 2147896192 128 129970
92831 14 14 16 WRITE 2147928064 128 130410
92846 14 14 18 WRITE 2147928320 128 130840
92861 14 14 20 WRITE 2147928576 128 131270
181366 12 12 16 WRITE 2147926016 128 131700
181482 12 12 18 WRITE 2147926272 128 132130
181496 12 12 20 WRITE 2147926528 128 132560
181511 12 12 22 WRITE 2147926784 128 132990
181742 12 12 17 WRITE 2147926144 128 133420
49921 11 11 46 READ 2147571456 2048 133860
64415 13 13 44 READ 2147573248 2048 134610
56264 0 0 0 WRITE 2147898368 128 135360
56280 0 0 4 WRITE 2147898880 128 136100
106503 2 2 8 WRITE 2147900416 128 136850
124252 6 6 40 WRITE 2147965952 128 137280
129276 14 14 0 WRITE 2147897344 128 137710
56295 0 0 2 WRITE 2147898624 128 138140
130692 1 1 8 WRITE 2147899392 128 138570
106518 2 2 10 WRITE 2147900672 128 139000
124384 6 6 42 WRITE 2147966208 128 139430
129464 14 14 2 WRITE 2147897600 128 139860
106565 2 2 12 WRITE 2147900928 128 140290
129496 14 14 3 WRITE 2147897728 128 140720
106580 2 2 14 WRITE 2147901184 128 141150
129527 14 14 1 WRITE 2147897472 128 141580
129543 14 14 4 WRITE 2147897856 128 142010
129573 14 14 6 WRITE 2147898112 128 142440
136123 2 2 15 WRITE 2147901312 128 142870
135907 14 14 7 WRITE 2147898240 128 143300
130882 1 1 10 WRITE 2147899648 128 143730
135941 14 14 5 WRITE 2147897984 128 144160
130899 1 1 12 WRITE 2147899904 128 144590
130915 1 1 14 WRITE 2147900160 128 145020
131748 1 1 9 WRITE 2147899520 128 145450
78701 10 10 24 READ 2147538944 2048 145890
105875 5 5 14 WRITE 2147904256 128 146650
107545 5 5 8 WRITE 2147903488 128 147080
107639 5 5 13 WRITE 2147904128 128 147510
107670 5 5 10 WRITE 2147903744 128 147940
107702 5 5 12 WRITE 2147904000 128 148370
110428 4 4 8 WRITE 2147902464 128 148800
110444 4 4 10 WRITE 2147902720 128 149230
110474 4 4 12 WRITE 2147902976 128 149660
110521 4 4 14 WRITE 2147903232 128 150090
123801 5 5 9 WRITE 2147903616 128 150520
123588 3 3 14 WRITE 2147902208 128 150950
123894 5 5 11 WRITE 2147903872 128 151380
124021 3 3 8 WRITE 2147901440 128 151810
124122 3 3 10 WRITE 2147901696 128 152240
124138 3 3 12 WRITE 2147901952 128 152670
134661 4 4 9 WRITE 2147902592 128 153100
134902 3 3 11 WRITE 2147901824 128 153530
134679 4 4 11 WRITE 2147902848 128 153960
134777 4 4 13 WRITE 2147903104 128 154390
134870 4 4 15 WRITE 2147903360 128 154820
134979 3 3 9 WRITE 2147901568 128 155250
158526 3 3 13 WRITE 2147902080 128 155680
158540 3 3 15 WRITE 2147902336 128 156110
230674 5 5 15 WRITE 2147904384 128 156540
83704 13 13 24 READ 2147542016 2048 156980
123705 6 6 24 WRITE 2147935232 128 157730
124025 6 6 30 WRITE 2147936000 128 158160
124220 6 6 26 WRITE 2147935488 128 158590
124236 6 6 28 WRITE 2147935744 128 159220
139850 5 5 24 WRITE 2147934208 128 159650
139865 5 5 26 WRITE 2147934464 128 160080
103578 7 7 24 WRITE 2147936256 128 160510
139879 5 5 28 WRITE 2147934720 128 160940
139908 5 5 30 WRITE 2147934976 128 161370
103623 7 7 26 WRITE 2147936512 128 161800
103670 7 7 28 WRITE 2147936768 128 162230
140739 5 5 29 WRITE 2147934848 128 162660
130871 7 7 30 WRITE 2147937024 128 163090
230595 5 5 31 WRITE 2147935104 128 163520
230753 5 5 25 WRITE 2147934336 128 163950
230833 5 5 27 WRITE 2147934592 128 164380
38107 2 2 16 READ 2147515392 2048 164820
132935 1 1 35 WRITE 2147945856 128 165590
133513 1 1 37 WRITE 2147946112 128 166020
207157 1 1 39 WRITE 2147946368 128 166450
111858 11 11 8 WRITE 2147909632 128 166890
159572 12 12 14 WRITE 2147911424 128 167320
159647 12 12 8 WRITE 2147910656 128 167750
159751 12 12 10 WRITE 2147910912 128 168180
159766 12 12 12 WRITE 2147911168 128 168610
176346 11 11 14 WRITE 2147910400 128 169040
179047 11 11 10 WRITE 2147909888 128 169470
179498 11 11 12 WRITE 2147910144 128 169900
235900 3 3 8 READ 2147782144 2048 170330
235953 3 3 8 READ 2147581952 2048 171080
140496 4 4 33 WRITE 2147948672 128 171840
140578 4 4 35 WRITE 2147948928 128 172270
141131 4 4 37 WRITE 2147949184 128 172700
141991 4 4 39 WRITE 2147949440 128 173130
163035 3 3 33 WRITE 2147947648 128 173560
163353 3 3 35 WRITE 2147947904 128 173990
163671 3 3 37 WRITE 2147948160 128 174420
163989 3 3 39 WRITE 2147948416 128 174850
141064 5 5 33 WRITE 2147949696 128 175280
180796 5 5 35 WRITE 2147949952 128 175710
182074 5 5 37 WRITE 2147950208 128 176140
182338 5 5 39 WRITE 2147950464 128 176570
157934 3 3 23 WRITE 2147917696 128 177010
158554 3 3 17 WRITE 2147916928 128 177440
158568 3 3 19 WRITE 2147917184 128 177870
159105 3 3 21 WRITE 2147917440 128 178300
236140 3 3 12 READ 2147782656 2048 178730
89109 6 6 34 WRITE 2147950848 128 179490
89139 6 6 36 WRITE 2147951104 128 179920
110671 5 5 1 WRITE 2147888256 128 180350
123687 5 5 5 WRITE 2147888768 128 180780
124484 4 4 1 WRITE 2147887232 128 181210
124706 4 4 5 WRITE 2147887744 128 181640
124736 4 4 3 WRITE 2147887488 128 182070
134646 4 4 7 WRITE 2147888000 128 182500
134932 3 3 5 WRITE 2147886720 128 182930
134963 3 3 7 WRITE 2147886976 128 183360
123882 8 8 33 WRITE 2147952768 128 183790
131111 8 8 35 WRITE 2147953024 128 184220
178987 8 8 37 WRITE 2147953280 128 184650
179073 8 8 39 WRITE 2147953536 128 185080
112315 9 9 34 WRITE 2147953920 128 185510
136170 2 2 1 WRITE 2147885184 128 185940
136188 2 2 3 WRITE 2147885440 128 186370
136222 2 2 5 WRITE 2147885696 128 186800
136322 2 2 7 WRITE 2147885952 128 187230
139950 5 5 17 WRITE 2147918976 128 187670
140255 5 5 19 WRITE 2147919232 128 188100
140579 5 5 21 WRITE 2147919488 128 188530
140903 5 5 23 WRITE 2147919744 128 188960
260626 5 5 32 READ 2147788288 2048 189390
89033 6 6 0 WRITE 2147889152 128 190150
105846 8 8 4 WRITE 2147891712 128 190580
89049 6 6 6 WRITE 2147889920 128 191010
89065 6 6 2 WRITE 2147889408 128 191440
89094 6 6 4 WRITE 2147889664 128 191870
107595 8 8 1 WRITE 2147891328 128 192300
123401 8 8 3 WRITE 2147891584 128 192730
123835 8 8 5 WRITE 2147891840 128 193160
112895 11 11 32 WRITE 2147955712 128 193590
138335 12 12 34 WRITE 2147956992 128 194020
124417 6 6 1 WRITE 2147889280 128 194450
103498 7 7 0 WRITE 2147890176 128 194880
123866 8 8 7 WRITE 2147892096 128 195310
113081 11 11 36 WRITE 2147956224 128 195740
138406 12 12 36 WRITE 2147957248 128 196170
125954 6 6 3 WRITE 2147889536 128 196600
103530 7 7 2 WRITE 2147890432 128 197030
114271 11 11 38 WRITE 2147956480 128 197460
138421 12 12 38 WRITE 2147957504 128 197890
126044 6 6 5 WRITE 2147889792 128 198320
103547 7 7 4 WRITE 2147890688 128 198750
135823 11 11 34 WRITE 2147955968 128 199180
181137 12 12 32 WRITE 2147956736 128 199610
126170 6 6 7 WRITE 2147890048 128 200040
180973 7 7 6 WRITE 2147890944 128 200470
113369 9 9 0 WRITE 2147892224 128 200900
156898 10 10 34 WRITE 2147954944 128 201330
113948 13 13 36 WRITE 2147958272 128 201760
156940 10 10 36 WRITE 2147955200 128 202190
118457 13 13 32 WRITE 2147957760 128 202620
279865 13 13 38 WRITE 2147958528 128 203050
159373 11 11 22 WRITE 2147925760 128 203490
181064 11 11 16 WRITE 2147924992 128 203920
182257 11 11 18 WRITE 2147925248 128 204350
182271 11 11 20 WRITE 2147925504 128 204780
182533 11 11 19 WRITE 2147925376 128 205210
224369 11 11 17 WRITE 2147925120 128 205640
224903 11 11 23 WRITE 2147925888 128 206070
224990 11 11 21 WRITE 2147925632 128 206500
131042 1 1 40 WRITE 2147960832 128 206940
131089 1 1 42 WRITE 2147961088 128 207370
131164 1 1 44 WRITE 2147961344 128 207800
159508 11 11 4 WRITE 2147894784 128 208230
176360 11 11 6 WRITE 2147895040 128 208660
182358 11 11 7 WRITE 2147895168 128 209090
182447 11 11 1 WRITE 2147894400 128 209520
224166 11 11 3 WRITE 2147894656 128 209950
207487 1 1 43 WRITE 2147961216 128 210380
224650 2 2 44 WRITE 2147962368 128 210810
224271 11 11 5 WRITE 2147894912 128 211240
224666 2 2 40 WRITE 2147961856 128 211670
224682 2 2 42 WRITE 2147962112 128 212100
224709 2 2 46 WRITE 2147962624 128 212530
224724 2 2 47 WRITE 2147962752 128 212960
156811 10 10 6 WRITE 2147894016 128 213390
156827 10 10 0 WRITE 2147893248 128 213820
156855 10 10 2 WRITE 2147893504 128 214250
156870 10 10 4 WRITE 2147893760 128 214680
225223 1 1 41 WRITE 2147960960 128 215110
131453 0 0 38 WRITE 2147960576 128 215540
156913 10 10 1 WRITE 2147893376 128 215970
279680 13 13 6 WRITE 2147897088 128 216400
135924 14 14 22 WRITE 2147928832 128 216840
209480 12 12 19 WRITE 2147926400 128 217270
209495 12 12 21 WRITE 2147926656 128 217700
211831 12 12 23 WRITE 2147926912 128 218130
118381 13 13 16 WRITE 2147927040 128 218560
118397 13 13 22 WRITE 2147927808 128 218990
118413 13 13 18 WRITE 2147927296 128 219420
118442 13 13 20 WRITE 2147927552 128 219850
134377 4 4 30 WRITE 2147933952 128 220300
134462 4 4 24 WRITE 2147933184 128 220730
134579 4 4 26 WRITE 2147933440 128 221160
134822 3 3 30 WRITE 2147932928 128 221590
134595 4 4 28 WRITE 2147933696 128 222020
134839 3 3 24 WRITE 2147932160 128 222450
134612 4 4 27 WRITE 2147933568 128 222880
134855 3 3 26 WRITE 2147932416 128 223310
134885 3 3 28 WRITE 2147932672 128 223740
135976 2 2 30 WRITE 2147931904 128 224170
136089 2 2 24 WRITE 2147931136 128 224600
136105 2 2 26 WRITE 2147931392 128 225030
135499 4 4 25 WRITE 2147933312 128 225460
138172 4 4 31 WRITE 2147934080 128 225890
133426 1 1 24 WRITE 2147930112 128 226320
136139 2 2 28 WRITE 2147931648 128 226750
162797 3 3 25 WRITE 2147932288 128 227180
133600 1 1 26 WRITE 2147930368 128 227610
225013 1 1 0 READ 2147575808 2048 228050
179188 8 8 46 WRITE 2147968768 128 228800
179217 8 8 30 WRITE 2147938048 128 229240
179407 8 8 24 WRITE 2147937280 128 229670
205951 8 8 29 WRITE 2147937920 128 230290
206263 8 8 26 WRITE 2147937536 128 230720
206446 8 8 28 WRITE 2147937792 128 231150
247382 8 8 31 WRITE 2147938176 128 231580
103550 10 10 14 WRITE 2147909376 128 232020
103565 10 10 8 WRITE 2147908608 128 232450
103596 10 10 10 WRITE 2147908864 128 232880
103641 10 10 12 WRITE 2147909120 128 233310
224659 11 11 42 WRITE 2147971328 128 233740
211737 12 12 46 WRITE 2147972864 128 234170
173909 4 4 16 READ 2147777024 2048 234600
179159 8 8 10 WRITE 2147906816 128 235350
224733 11 11 40 WRITE 2147971072 128 235780
230137 12 12 44 WRITE 2147972608 128 236210
179173 8 8 8 WRITE 2147906560 128 236840
224817 11 11 46 WRITE 2147971840 128 237270
230213 12 12 40 WRITE 2147972096 128 237700
179232 8 8 12 WRITE 2147907072 128 238130
230238 12 12 42 WRITE 2147972352 128 238560
179318 8 8 14 WRITE 2147907328 128 238990
230263 12 12 47 WRITE 2147972992 128 239420
230490 12 12 0 READ 2147578880 2048 239850
206356 8 8 9 WRITE 2147906688 128 240600
247354 11 11 44 WRITE 2147971584 128 241030
247526 8 8 11 WRITE 2147906944 128 241460
247768 8 8 13 WRITE 2147907200 128 242090
247247 11 11 30 WRITE 2147941120 128 242530
247264 11 11 24 WRITE 2147940352 128 242960
247279 11 11 26 WRITE 2147940608 128 243390
247326 11 11 28 WRITE 2147940864 128 243820
246997 12 12 30 WRITE 2147942144 128 244250
247011 12 12 24 WRITE 2147941376 128 244680
247025 12 12 26 WRITE 2147941632 128 245110
247327 12 12 28 WRITE 2147941888 128 245540
318457 9 9 24 WRITE 2147938304 128 245970
318474 9 9 26 WRITE 2147938560 128 246400
318561 9 9 28 WRITE 2147938816 128 246830
318648 9 9 30 WRITE 2147939072 128 247260
340871 9 9 27 WRITE 2147938688 128 247690
341733 9 9 25 WRITE 2147938432 128 248120
206022 14 14 30 WRITE 2147944192 128 248560
279893 13 13 30 WRITE 2147943168 128 248990
245342 5 5 24 READ 2147584000 2048 249430
228459 2 2 33 WRITE 2147946624 128 250200
228605 2 2 35 WRITE 2147946880 128 250630
245508 5 5 28 READ 2147784704 2048 251070
180988 7 7 32 WRITE 2147951616 128 251830
131034 9 9 32 WRITE 2147953664 128 252260
135854 9 9 36 WRITE 2147954176 128 252690
230571 7 7 34 WRITE 2147951872 128 253120
334909 9 9 38 WRITE 2147954432 128 253550
341821 9 9 33 WRITE 2147953792 128 253980
126295 6 6 17 WRITE 2147920000 128 254420
180870 6 6 23 WRITE 2147920768 128 254850
340756 7 7 23 WRITE 2147921792 128 255280
341042 7 7 17 WRITE 2147921024 128 255710
341129 7 7 19 WRITE 2147921280 128 256140
341216 7 7 21 WRITE 2147921536 128 256570
336295 8 8 32 READ 2147593216 2048 257000
117830 9 9 2 WRITE 2147892480 128 257760
130970 9 9 4 WRITE 2147892736 128 258190
131002 9 9 6 WRITE 2147892992 128 258620
229990 7 7 7 WRITE 2147891072 128 259050
230118 7 7 1 WRITE 2147890304 128 259480
336907 9 9 1 WRITE 2147892352 128 259910
337139 7 7 3 WRITE 2147890560 128 260340
340547 7 7 5 WRITE 2147890816 128 260770
340668 9 9 3 WRITE 2147892608 128 261200
340957 9 9 5 WRITE 2147892864 128 261630
341044 9 9 7 WRITE 2147893120 128 262060
337382 13 13 34 WRITE 2147958016 128 262490
359603 12 12 35 WRITE 2147957120 128 262920
359751 12 12 33 WRITE 2147956864 128 263350
359763 12 12 37 WRITE 2147957376 128 263780
359901 12 12 39 WRITE 2147957632 128 264210
279241 10 10 32 WRITE 2147954688 128 264640
279256 10 10 38 WRITE 2147955456 128 265070
341388 9 9 17 WRITE 2147923072 128 265510
341475 9 9 19 WRITE 2147923328 128 265940
341560 9 9 21 WRITE 2147923584 128 266370
341647 9 9 23 WRITE 2147923840 128 266800
336208 8 8 32 READ 2147793408 2048 267230
337332 8 8 2 READ 2147596544 2048 267980
137760 0 0 32 WRITE 2147959808 128 268740
279919 13 13 0 WRITE 2147896320 128 269170
279933 13 13 2 WRITE 2147896576 128 269600
279959 13 13 4 WRITE 2147896832 128 270030
280792 13 13 1 WRITE 2147896448 128 270460
359280 14 14 33 WRITE 2147958912 128 270890
137775 0 0 22 WRITE 2147929856 128 271330
137790 0 0 16 WRITE 2147929088 128 271760
182436 0 0 18 WRITE 2147929344 128 272190
246702 0 0 20 WRITE 2147929600 128 272620
206130 14 14 23 WRITE 2147928960 128 273050
280834 14 14 17 WRITE 2147928192 128 273480
281081 14 14 19 WRITE 2147928448 128 273910
337287 8 8 0 READ 2147796480 2048 274340
359511 8 8 6 READ 2147797248 2048 275100
360735 12 12 16 READ 2147600384 2048 275860
136435 2 2 9 WRITE 2147900544 128 276620
136582 2 2 11 WRITE 2147900800 128 277050
136710 2 2 13 WRITE 2147901056 128 277480
177849 3 3 46 WRITE 2147963648 128 277910
178135 3 3 40 WRITE 2147962880 128 278340
182028 3 3 42 WRITE 2147963136 128 278770
207552 1 1 11 WRITE 2147899776 128 279200
224361 3 3 44 WRITE 2147963392 128 279630
207648 1 1 13 WRITE 2147900032 128 280060
224491 3 3 43 WRITE 2147963264 128 280490
224156 1 1 15 WRITE 2147900288 128 280920
182163 5 5 46 WRITE 2147965696 128 281350
229927 5 5 47 WRITE 2147965824 128 281780
230001 5 5 40 WRITE 2147964928 128 282210
230077 5 5 44 WRITE 2147965440 128 282640
230154 5 5 42 WRITE 2147965184 128 283070
163115 3 3 27 WRITE 2147932544 128 283510
206117 1 1 28 WRITE 2147930624 128 283940
163433 3 3 29 WRITE 2147932800 128 284370
207031 1 1 30 WRITE 2147930880 128 284800
163751 3 3 31 WRITE 2147933056 128 285230
207265 1 1 25 WRITE 2147930240 128 285660
207360 1 1 27 WRITE 2147930496 128 286090
224261 1 1 29 WRITE 2147930752 128 286520
224753 2 2 25 WRITE 2147931264 128 286950
224489 1 1 31 WRITE 2147931008 128 287380
224780 2 2 27 WRITE 2147931520 128 287810
224795 2 2 29 WRITE 2147931776 128 288240
246814 8 8 40 WRITE 2147968000 128 288680
247170 8 8 42 WRITE 2147968256 128 289110
247261 8 8 44 WRITE 2147968512 128 289540
182195 7 7 44 WRITE 2147967488 128 289970
180885 6 6 14 WRITE 2147905280 128 290400
180901 6 6 8 WRITE 2147904512 128 290830
182060 6 6 10 WRITE 2147904768 128 291260
182075 6 6 12 WRITE 2147905024 128 291690
182090 6 6 15 WRITE 2147905408 128 292120
248114 8 8 41 WRITE 2147968128 128 292550
248192 8 8 43 WRITE 2147968384 128 292980
248273 8 8 45 WRITE 2147968640 128 293410
279186 9 9 42 WRITE 2147969280 128 293840
248434 8 8 47 WRITE 2147968896 128 294270
318397 9 9 44 WRITE 2147969536 128 294700
230649 7 7 40 WRITE 2147966976 128 295130
279089 7 7 42 WRITE 2147967232 128 295560
279253 7 7 46 WRITE 2147967744 128 295990
340460 9 9 40 WRITE 2147969024 128 296420
340549 9 9 46 WRITE 2147969792 128 296850
246858 10 10 44 WRITE 2147970560 128 297280
279271 10 10 40 WRITE 2147970048 128 297710
279350 10 10 47 WRITE 2147970944 128 298140
280237 10 10 42 WRITE 2147970304 128 298570
361423 10 10 46 WRITE 2147970816 128 299000
278534 6 6 9 WRITE 2147904640 128 299430
278613 6 6 11 WRITE 2147904896 128 299860
318335 6 6 13 WRITE 2147905152 128 300290
342151 7 7 47 WRITE 2147967872 128 300720
349054 9 9 47 WRITE 2147969920 128 301150
247952 8 8 25 WRITE 2147937408 128 301590
248036 8 8 27 WRITE 2147937664 128 302020
318544 6 6 25 WRITE 2147935360 128 302450
345653 7 7 25 WRITE 2147936384 128 302880
318630 6 6 27 WRITE 2147935616 128 303310
320083 6 6 29 WRITE 2147935872 128 303740
374433 9 9 0 READ 2147803648 2048 304170
247845 8 8 15 WRITE 2147907456 128 304930
224182 9 9 8 WRITE 2147907584 128 305360
247913 11 11 47 WRITE 2147971968 128 305790
279879 13 13 42 WRITE 2147973376 128 306220
182224 7 7 8 WRITE 2147905536 128 306650
318308 9 9 10 WRITE 2147907840 128 307080
205888 7 7 10 WRITE 2147905792 128 307510
318411 9 9 12 WRITE 2147908096 128 307940
229978 7 7 12 WRITE 2147906048 128 308370
318427 9 9 14 WRITE 2147908352 128 308800
230003 7 7 14 WRITE 2147906304 128 309230
319533 9 9 15 WRITE 2147908480 128 309660
279170 7 7 13 WRITE 2147906176 128 310090
340841 7 7 9 WRITE 2147905664 128 310520
340955 7 7 11 WRITE 2147905920 128 310950
341131 9 9 9 WRITE 2147907712 128 311380
341218 9 9 11 WRITE 2147907968 128 311810
341303 9 9 13 WRITE 2147908224 128 312240
281161 14 14 40 WRITE 2147974144 128 312670
254738 12 12 25 WRITE 2147941504 128 313110
254752 12 12 27 WRITE 2147941760 128 313540
254765 12 12 29 WRITE 2147942016 128 313970
254792 12 12 31 WRITE 2147942272 128 314400
246932 10 10 24 WRITE 2147939328 128 314830
246948 10 10 26 WRITE 2147939584 128 315260
246963 10 10 28 WRITE 2147939840 128 315690
279228 10 10 30 WRITE 2147940096 128 316120
394103 11 11 27 WRITE 2147940736 128 316550
394119 11 11 25 WRITE 2147940480 128 316980
424009 6 6 8 READ 2147611648 2048 317410
206160 14 14 24 WRITE 2147943424 128 318170
206285 14 14 26 WRITE 2147943680 128 318600
230466 12 12 0 READ 2147779072 2048 319040
247309 11 11 15 WRITE 2147910528 128 319790
230694 12 12 9 WRITE 2147910784 128 320220
246684 12 12 11 WRITE 2147911040 128 320650
247369 11 11 9 WRITE 2147909760 128 321280
246764 12 12 13 WRITE 2147911296 128 321710
247400 11 11 11 WRITE 2147910016 128 322140
247446 11 11 13 WRITE 2147910272 128 322570
206038 14 14 8 WRITE 2147912704 128 323000
206068 14 14 10 WRITE 2147912960 128 323430
206084 14 14 12 WRITE 2147913216 128 323860
206114 14 14 14 WRITE 2147913472 128 324290
280013 13 13 13 WRITE 2147912320 128 324720
206176 14 14 9 WRITE 2147912832 128 325150
247969 12 12 15 WRITE 2147911552 128 325580
280026 13 13 8 WRITE 2147911680 128 326010
280915 13 13 10 WRITE 2147911936 128 326440
281012 13 13 9 WRITE 2147911808 128 326870
281387 13 13 12 WRITE 2147912192 128 327300
337029 13 13 14 WRITE 2147912448 128 327730
359357 14 14 11 WRITE 2147913088 128 328160
359574 8 8 18 WRITE 2147978496 128 328590
359437 14 14 13 WRITE 2147913344 128 329020
359586 8 8 16 WRITE 2147978240 128 329450
333157 1 1 0 WRITE 2147976192 128 329880
359778 13 13 15 WRITE 2147912576 128 330310
359753 14 14 15 WRITE 2147913600 128 330740
319056 0 0 44 WRITE 2147975680 128 331170
333327 1 1 2 WRITE 2147976448 128 331600
360136 13 13 11 WRITE 2147912064 128 332030
342792 1 1 4 WRITE 2147976704 128 332460
361462 0 0 40 WRITE 2147975168 128 332890
343928 1 1 6 WRITE 2147976960 128 333320
344688 1 1 1 WRITE 2147976320 128 333750
344848 1 1 3 WRITE 2147976576 128 334180
344928 1 1 5 WRITE 2147976832 128 334610
345021 1 1 7 WRITE 2147977088 128 335040
250607 1 1 16 WRITE 2147914752 128 335490
250682 1 1 18 WRITE 2147915008 128 335920
250694 1 1 22 WRITE 2147915520 128 336350
250707 1 1 20 WRITE 2147915264 128 336780
256199 3 3 8 WRITE 2147982336 128 337210
256274 3 3 10 WRITE 2147982592 128 337640
260678 5 5 32 READ 2147588096 2048 338070
250829 1 1 17 WRITE 2147914880 128 338820
256348 3 3 9 WRITE 2147982464 128 339250
250853 1 1 19 WRITE 2147915136 128 339680
256434 3 3 11 WRITE 2147982720 128 340310
250966 1 1 21 WRITE 2147915392 128 340740
258503 3 3 32 READ 2147587072 2048 341170
254823 1 1 23 WRITE 2147915648 128 341920
248404 2 2 16 WRITE 2147915776 128 342350
247930 0 0 14 WRITE 2147914496 128 342780
248507 2 2 18 WRITE 2147916032 128 343410
248029 0 0 8 WRITE 2147913728 128 343840
248556 2 2 20 WRITE 2147916288 128 344270
318812 0 0 10 WRITE 2147913984 128 344700
248646 2 2 22 WRITE 2147916544 128 345130
318826 0 0 12 WRITE 2147914240 128 345560
251109 2 2 17 WRITE 2147915904 128 345990
251258 2 2 19 WRITE 2147916160 128 346420
319421 2 2 21 WRITE 2147916416 128 346850
319526 2 2 23 WRITE 2147916672 128 347280
361405 3 3 12 WRITE 2147982848 128 347710
361781 3 3 14 WRITE 2147983104 128 348140
463541 3 3 13 WRITE 2147982976 128 348570
464704 3 3 15 WRITE 2147983232 128 349000
352393 9 9 35 WRITE 2147954048 128 349440
345968 7 7 33 WRITE 2147951744 128 349870
352540 9 9 37 WRITE 2147954304 128 350300
346207 7 7 35 WRITE 2147952000 128 350730
352686 9 9 39 WRITE 2147954560 128 351160
393817 6 6 35 WRITE 2147950976 128 351590
346366 7 7 37 WRITE 2147952256 128 352020
393889 6 6 33 WRITE 2147950720 128 352450
346524 7 7 39 WRITE 2147952512 128 352880
267658 5 5 36 READ 2147788800 2048 353320
267914 5 5 8 WRITE 2147983360 128 354070
267983 5 5 10 WRITE 2147983616 128 354500
267996 5 5 11 WRITE 2147983744 128 354930
268024 5 5 9 WRITE 2147983488 128 355560
268037 5 5 12 WRITE 2147983872 128 355990
318454 6 6 21 WRITE 2147920512 128 356420
363127 1 1 32 WRITE 2147985408 128 356850
364076 1 1 34 WRITE 2147985664 128 357280
364312 1 1 33 WRITE 2147985536 128 357710
446691 1 1 35 WRITE 2147985792 128 358140
447062 1 1 36 WRITE 2147985920 128 358570
447211 1 1 39 WRITE 2147986304 128 359000
447534 1 1 38 WRITE 2147986176 128 359430
447986 1 1 37 WRITE 2147986048 128 359860
268323 5 5 14 WRITE 2147984128 128 360290
361643 5 5 13 WRITE 2147984000 128 360720
361840 5 5 26 WRITE 2147984640 128 361150
361908 5 5 24 WRITE 2147984384 128 361580
361919 5 5 27 WRITE 2147984768 128 362010
362059 5 5 2 READ 2147590400 2048 362440
463694 5 5 15 WRITE 2147984256 128 363190
465166 5 5 25 WRITE 2147984512 128 363620
465179 5 5 30 WRITE 2147985152 128 364050
465192 5 5 28 WRITE 2147984896 128 364680
465240 5 5 31 WRITE 2147985280 128 365110
465736 5 5 29 WRITE 2147985024 128 365540
270087 11 11 33 WRITE 2147955840 128 365980
270181 11 11 35 WRITE 2147956096 128 366410
270274 11 11 37 WRITE 2147956352 128 366840
270380 11 11 39 WRITE 2147956608 128 367270
490598 6 6 16 READ 2147827200 2048 367700
490651 6 6 16 READ 2147627008 2048 368450
490888 3 3 8 READ 2147824128 2048 369200
362003 10 10 17 WRITE 2147924096 128 369960
362075 10 10 19 WRITE 2147924352 128 370690
362145 10 10 21 WRITE 2147924608 128 371210
465407 3 3 2 READ 2147792640 2048 371670
267858 1 1 45 WRITE 2147961472 128 372430
361520 10 10 7 WRITE 2147894144 128 372860
361589 10 10 3 WRITE 2147893632 128 373290
361659 10 10 5 WRITE 2147893888 128 373720
385766 8 8 32 WRITE 2147993600 128 374160
385882 8 8 34 WRITE 2147993856 128 374590
385940 8 8 36 WRITE 2147994112 128 375020
386040 8 8 38 WRITE 2147994368 128 375450
387263 8 8 33 WRITE 2147993728 128 375880
387575 8 8 35 WRITE 2147993984 128 376310
387690 8 8 37 WRITE 2147994240 128 376740
387832 8 8 39 WRITE 2147994496 128 377170
300040 11 11 16 READ 2147598336 2048 377600
230521 5 5 41 WRITE 2147965056 128 378370
224143 4 4 40 WRITE 2147963904 128 378800
132889 0 0 6 WRITE 2147899136 128 379230
224177 4 4 44 WRITE 2147964416 128 379660
182045 6 6 44 WRITE 2147966464 128 380090
224198 4 4 42 WRITE 2147964160 128 380520
224231 4 4 46 WRITE 2147964672 128 380950
224248 4 4 41 WRITE 2147964032 128 381380
182118 6 6 46 WRITE 2147966720 128 381810
224314 4 4 47 WRITE 2147964800 128 382240
394501 6 6 47 WRITE 2147966848 128 382670
398998 6 6 43 WRITE 2147966336 128 383100
399162 6 6 41 WRITE 2147966080 128 383530
408104 6 6 45 WRITE 2147966592 128 383960
319558 4 4 45 WRITE 2147964544 128 384390
362252 5 5 43 WRITE 2147965312 128 384820
463569 5 5 45 WRITE 2147965568 128 385250
361950 3 3 47 WRITE 2147963776 128 385680
362044 3 3 41 WRITE 2147963008 128 386110
362117 3 3 45 WRITE 2147963520 128 386540
362066 0 0 1 WRITE 2147898496 128 386970
362212 0 0 3 WRITE 2147898752 128 387400
446987 0 0 5 WRITE 2147899008 128 387830
447137 0 0 7 WRITE 2147899264 128 388260
527225 3 3 40 READ 2147637248 2048 388690
360699 12 12 16 READ 2147800576 2048 389450
361046 12 12 20 READ 2147801088 2048 390200
527173 3 3 40 READ 2147837440 2048 390960
395445 9 9 16 READ 2147805696 2048 391730
401266 6 6 31 WRITE 2147936128 128 392480
449146 1 1 8 READ 2147607552 2048 393210
281240 14 14 42 WRITE 2147974400 128 393980
281320 14 14 44 WRITE 2147974656 128 394410
281402 14 14 46 WRITE 2147974912 128 394840
359356 13 13 40 WRITE 2147973120 128 395270
359619 13 13 44 WRITE 2147973632 128 395700
359674 14 14 0 READ 2147579904 2048 396130
361729 10 10 9 WRITE 2147908736 128 396890
359700 13 13 46 WRITE 2147973888 128 397320
359689 14 14 41 WRITE 2147974272 128 397750
361798 10 10 11 WRITE 2147908992 128 398380
361866 10 10 13 WRITE 2147909248 128 398810
361933 10 10 15 WRITE 2147909504 128 399240
446937 14 14 47 WRITE 2147975040 128 399670
450774 14 14 43 WRITE 2147974528 128 400100
450930 14 14 45 WRITE 2147974784 128 400530
517694 13 13 47 WRITE 2147974016 128 400960
524464 13 13 41 WRITE 2147973248 128 401390
524539 13 13 43 WRITE 2147973504 128 401820
524632 13 13 45 WRITE 2147973760 128 402250
536270 3 3 40 WRITE 2148037632 128 402680
536360 3 3 42 WRITE 2148037888 128 403110
536425 3 3 43 WRITE 2148038016 128 403540
536500 3 3 41 WRITE 2148037760 128 403970
544447 14 14 40 READ 2147841536 2048 404400
544665 14 14 44 READ 2147842048 2048 405160
449054 1 1 8 READ 2147807744 2048 405930
280971 14 14 28 WRITE 2147943936 128 406700
337116 13 13 24 WRITE 2147942400 128 407130
337203 13 13 26 WRITE 2147942656 128 407560
337293 13 13 28 WRITE 2147942912 128 407990
318926 0 0 24 WRITE 2147944448 128 408420
319012 0 0 26 WRITE 2147944704 128 408850
319026 0 0 28 WRITE 2147944960 128 409280
423957 6 6 8 READ 2147811840 2048 409710
361836 0 0 42 WRITE 2147975424 128 410480
361995 0 0 46 WRITE 2147975936 128 410910
431863 4 4 20 WRITE 2147977728 128 411340
431877 4 4 22 WRITE 2147977984 128 411960
431891 4 4 19 WRITE 2147977600 128 412390
431914 4 4 16 WRITE 2147977216 128 412820
431927 4 4 17 WRITE 2147977344 128 413250
531805 4 4 18 WRITE 2147977472 128 413680
532525 4 4 23 WRITE 2147978112 128 414110
532539 4 4 21 WRITE 2147977856 128 414540
459645 14 14 8 READ 2147819008 2048 414980
459693 14 14 8 READ 2147618816 2048 415730
362137 0 0 15 WRITE 2147914624 128 416490
447210 0 0 9 WRITE 2147913856 128 417220
447284 0 0 11 WRITE 2147914112 128 417970
447458 0 0 13 WRITE 2147914368 128 418400
541537 14 14 0 WRITE 2147980288 128 418830
541606 14 14 6 WRITE 2147981056 128 419260
541674 14 14 2 WRITE 2147980544 128 419690
541765 14 14 4 WRITE 2147980800 128 420120
542736 14 14 1 WRITE 2147980416 128 420550
543006 14 14 3 WRITE 2147980672 128 420980
543086 14 14 5 WRITE 2147980928 128 421410
543191 14 14 7 WRITE 2147981184 128 421840
543239 4 4 10 WRITE 2147981568 128 422270
543309 4 4 8 WRITE 2147981312 128 422700
543379 4 4 12 WRITE 2147981824 128 423130
543499 4 4 14 WRITE 2147982080 128 423560
543567 4 4 9 WRITE 2147981440 128 423990
543647 4 4 11 WRITE 2147981696 128 424420
543753 4 4 13 WRITE 2147981952 128 424850
543829 4 4 15 WRITE 2147982208 128 425280
449745 6 6 37 WRITE 2147951232 128 425720
449841 6 6 39 WRITE 2147951488 128 426150
459859 14 14 12 READ 2147819520 2048 426580
491407 3 3 8 READ 2147623936 2048 427330
536600 4 4 32 WRITE 2147986432 128 428090
536675 4 4 34 WRITE 2147986688 128 428820
536747 4 4 36 WRITE 2147986944 128 429570
536886 4 4 38 WRITE 2147987200 128 430000
537228 4 4 35 WRITE 2147986816 128 430430
537296 4 4 33 WRITE 2147986560 128 430860
538767 4 4 37 WRITE 2147987072 128 431290
539123 4 4 39 WRITE 2147987328 128 431720
476080 3 3 32 WRITE 2147987456 128 432170
476093 3 3 34 WRITE 2147987712 128 432600
476106 3 3 36 WRITE 2147987968 128 433030
476129 3 3 38 WRITE 2147988224 128 433460
487516 3 3 35 WRITE 2147987840 128 433890
487651 3 3 33 WRITE 2147987584 128 434320
494575 3 3 37 WRITE 2147988096 128 434750
494588 3 3 16 WRITE 2147989504 128 435180
494601 3 3 18 WRITE 2147989760 128 435610
494626 3 3 19 WRITE 2147989888 128 436040
494638 3 3 20 WRITE 2147990016 128 436470
494662 3 3 39 WRITE 2147988352 128 436900
494675 3 3 17 WRITE 2147989632 128 437330
494830 3 3 22 WRITE 2147990272 128 437760
494881 3 3 21 WRITE 2147990144 128 438190
494979 3 3 23 WRITE 2147990400 128 438620
359889 13 13 3 WRITE 2147896704 128 439060
359973 13 13 5 WRITE 2147896960 128 439490
360056 13 13 7 WRITE 2147897216 128 439920
319229 0 0 34 WRITE 2147960064 128 440350
319315 0 0 36 WRITE 2147960320 128 440780
360151 14 14 35 WRITE 2147959168 128 441210
360214 14 14 37 WRITE 2147959424 128 441640
360295 14 14 39 WRITE 2147959680 128 442070
490838 6 6 20 READ 2147827712 2048 442500
508380 6 6 16 WRITE 2148027392 128 443260
508480 6 6 18 WRITE 2148027648 128 443690
508529 6 6 17 WRITE 2148027520 128 444120
508615 6 6 19 WRITE 2148027776 128 444820
577808 3 3 8 WRITE 2148024320 128 445250
577908 3 3 10 WRITE 2148024576 128 445680
577957 3 3 12 WRITE 2148024832 128 446110
578043 3 3 14 WRITE 2148025088 128 446540
579102 3 3 9 WRITE 2148024448 128 446970
579980 3 3 11 WRITE 2148024704 128 447400
580130 3 3 13 WRITE 2148024960 128 447830
580281 3 3 15 WRITE 2148025216 128 448260
359862 14 14 21 WRITE 2147928704 128 448700
360213 13 13 17 WRITE 2147927168 128 449130
360294 13 13 19 WRITE 2147927424 128 449560
360372 13 13 21 WRITE 2147927680 128 449990
361651 0 0 23 WRITE 2147929984 128 450420
496694 3 3 4 WRITE 2147993088 128 450850
360442 13 13 23 WRITE 2147927936 128 451280
513103 3 3 2 WRITE 2147992832 128 451710
513117 3 3 0 WRITE 2147992576 128 452140
513130 3 3 1 WRITE 2147992704 128 452570
513253 3 3 6 WRITE 2147993344 128 453000
513327 3 3 3 WRITE 2147992960 128 453430
517225 0 0 17 WRITE 2147929216 128 453860
513402 3 3 5 WRITE 2147993216 128 454290
517350 0 0 19 WRITE 2147929472 128 454720
513548 3 3 7 WRITE 2147993472 128 455150
517427 0 0 21 WRITE 2147929728 128 455580
321318 4 4 43 WRITE 2147964288 128 456020
374489 9 9 0 READ 2147603456 2048 456460
532869 3 3 44 READ 2147837952 2048 457220
544495 14 14 40 READ 2147641344 2048 457970
449632 1 1 24 READ 2147609600 2048 458740
560881 4 4 16 READ 2147643392 2048 459510
449605 1 1 24 READ 2147809792 2048 460270
359946 14 14 25 WRITE 2147943552 128 461030
319142 0 0 30 WRITE 2147945216 128 461460
360028 14 14 27 WRITE 2147943808 128 461890
360110 14 14 29 WRITE 2147944064 128 462320
360137 14 14 31 WRITE 2147944320 128 462750
428585 13 13 25 WRITE 2147942528 128 463180
430194 13 13 27 WRITE 2147942784 128 463610
446848 13 13 29 WRITE 2147943040 128 464040
554798 1 1 8 WRITE 2148007936 128 464470
554811 1 1 9 WRITE 2148008064 128 464900
554972 1 1 14 WRITE 2148008704 128 465330
554985 1 1 10 WRITE 2148008192 128 465760
554997 1 1 12 WRITE 2148008448 128 466190
580517 1 1 15 WRITE 2148008832 128 466620
580530 1 1 11 WRITE 2148008320 128 467050
580604 1 1 13 WRITE 2148008576 128 467480
517504 0 0 25 WRITE 2147944576 128 467910
517587 0 0 27 WRITE 2147944832 128 468340
517669 0 0 29 WRITE 2147945088 128 468770
517751 0 0 31 WRITE 2147945344 128 469200
625583 1 1 24 WRITE 2148009984 128 469630
625924 1 1 26 WRITE 2148010240 128 470060
626022 1 1 27 WRITE 2148010368 128 470490
626055 1 1 28 WRITE 2148010496 128 470920
626104 1 1 25 WRITE 2148010112 128 471350
628038 1 1 30 WRITE 2148010752 128 471780
628164 1 1 31 WRITE 2148010880 128 472210
628228 1 1 29 WRITE 2148010624 128 472640
561051 4 4 20 READ 2147844096 2048 473080
572956 4 4 8 READ 2147846656 2048 473830
538211 1 1 0 READ 2147620864 2048 474590
587187 3 3 32 READ 2147849728 2048 475350
587421 3 3 36 READ 2147850240 2048 476100
591384 13 13 0 READ 2147651584 2048 476860
539541 1 1 6 READ 2147821824 2048 477620
591585 13 13 4 READ 2147852288 2048 478390
579380 13 13 33 WRITE 2147957888 128 479150
579455 13 13 8 WRITE 2148020224 128 479580
579530 13 13 35 WRITE 2147958144 128 480010
579605 13 13 10 WRITE 2148020480 128 480440
579680 13 13 37 WRITE 2147958400 128 480870
579757 13 13 9 WRITE 2148020352 128 481300
579836 13 13 39 WRITE 2147958656 128 481730
579915 13 13 11 WRITE 2148020608 128 482160
580065 13 13 12 WRITE 2148020736 128 482590
580214 13 13 14 WRITE 2148020992 128 483020
580365 13 13 13 WRITE 2148020864 128 483450
580439 13 13 15 WRITE 2148021120 128 483880
646893 1 1 0 WRITE 2148021248 128 484310
649476 1 1 2 WRITE 2148021504 128 484740
650144 1 1 1 WRITE 2148021376 128 485170
650220 1 1 3 WRITE 2148021632 128 485600
466598 5 5 16 READ 2147595264 2048 486040
486657 5 5 34 WRITE 2147988736 128 486800
487381 5 5 32 WRITE 2147988480 128 487230
487444 5 5 35 WRITE 2147988864 128 487660
487469 5 5 33 WRITE 2147988608 128 488290
517873 5 5 6 WRITE 2147991296 128 488720
517887 5 5 39 WRITE 2147989376 128 489150
517901 5 5 36 WRITE 2147988992 128 489580
468865 10 10 23 WRITE 2147924864 128 490010
625740 13 13 20 READ 2147856384 2048 490440
650657 1 1 8 READ 2147660800 2048 491700
517928 5 5 37 WRITE 2147989120 128 492450
517942 5 5 38 WRITE 2147989248 128 493190
517966 5 5 0 WRITE 2147990528 128 493940
518072 5 5 2 WRITE 2147990784 128 494370
518124 5 5 4 WRITE 2147991040 128 494800
653446 1 1 24 READ 2147662848 2048 495230
661830 5 5 7 WRITE 2147991424 128 495980
661862 5 5 1 WRITE 2147990656 128 496410
661927 5 5 3 WRITE 2147990912 128 496840
661943 5 5 5 WRITE 2147991168 128 497470
624356 1 1 40 READ 2147632128 2048 497910
511722 10 10 0 READ 2147633152 2048 498670
650566 1 1 8 READ 2147860992 2048 499430
652711 1 1 24 READ 2147863040 2048 500180
624259 1 1 40 READ 2147832320 2048 500950
646578 1 1 32 WRITE 2148028416 128 501700
646766 1 1 34 WRITE 2148028672 128 502130
646782 1 1 38 WRITE 2148029184 128 502560
646845 1 1 36 WRITE 2148028928 128 503190
616393 10 10 6 READ 2147834112 2048 503620
650799 1 1 33 WRITE 2148028544 128 504370
663642 5 5 40 READ 2147636224 2048 504800
666039 1 1 35 WRITE 2148028800 128 505890
684709 1 1 37 WRITE 2148029056 128 506320
684869 1 1 39 WRITE 2148029312 128 506750
395485 9 9 16 READ 2147605504 2048 507390
396803 8 8 0 WRITE 2147996672 128 508140
396911 8 8 2 WRITE 2147996928 128 508570
684951 1 1 40 WRITE 2148032512 128 509010
685075 1 1 42 WRITE 2148032768 128 509440
685115 1 1 46 WRITE 2148033280 128 509870
685278 1 1 44 WRITE 2148033024 128 510300
407780 9 9 41 WRITE 2147969152 128 510730
407894 9 9 43 WRITE 2147969408 128 511160
407962 9 9 45 WRITE 2147969664 128 511590
694749 6 6 24 READ 2147639296 2048 512020
573004 4 4 8 READ 2147646464 2048 512790
432004 10 10 25 WRITE 2147939456 128 513550
399522 11 11 29 WRITE 2147940992 128 513980
399535 11 11 31 WRITE 2147941248 128 514410
616620 10 10 27 WRITE 2147939712 128 515030
666562 2 2 8 WRITE 2148006912 128 515460
666909 2 2 10 WRITE 2148007168 128 515890
667257 2 2 12 WRITE 2148007424 128 516320
667606 2 2 14 WRITE 2148007680 128 516750
667867 2 2 9 WRITE 2148007040 128 517180
667983 2 2 11 WRITE 2148007296 128 517610
668127 2 2 13 WRITE 2148007552 128 518040
669373 2 2 15 WRITE 2148007808 128 518470
407755 9 9 29 WRITE 2147938944 128 518900
407768 9 9 31 WRITE 2147939200 128 519330
692133 9 9 6 WRITE 2148004608 128 519760
692150 9 9 0 WRITE 2148003840 128 520190
692167 9 9 2 WRITE 2148004096 128 520620
692197 9 9 7 WRITE 2148004736 128 521050
692212 9 9 4 WRITE 2148004352 128 521480
692405 9 9 1 WRITE 2148003968 128 521910
692422 9 9 3 WRITE 2148004224 128 522340
692643 9 9 5 WRITE 2148004480 128 522770
700428 12 12 36 WRITE 2148005376 128 523200
700512 12 12 32 WRITE 2148004864 128 523630
626915 13 13 31 WRITE 2147943296 128 524070
437997 9 9 8 READ 2147814912 2048 524500
438048 9 9 8 READ 2147614720 2048 525250
587239 3 3 32 READ 2147649536 2048 526010
463607 2 2 39 WRITE 2147947392 128 526770
463620 2 2 37 WRITE 2147947136 128 527200
692053 9 9 14 READ 2147815680 2048 527630
692180 6 6 8 WRITE 2148012032 128 528380
692194 6 6 10 WRITE 2148012288 128 528810
692561 6 6 12 WRITE 2148012544 128 529240
692575 6 6 14 WRITE 2148012800 128 529870
693735 6 6 9 WRITE 2148012160 128 530300
693784 6 6 11 WRITE 2148012416 128 530730
693873 6 6 13 WRITE 2148012672 128 531160
693961 6 6 15 WRITE 2148012928 128 531590
616282 12 12 6 WRITE 2147980032 128 532030
616558 12 12 7 WRITE 2147980160 128 532460
616655 12 12 0 WRITE 2147979264 128 532890
616929 12 12 2 WRITE 2147979520 128 533320
616947 12 12 4 WRITE 2147979776 128 533750
699892 12 12 1 WRITE 2147979392 128 534180
700133 12 12 3 WRITE 2147979648 128 534610
701024 12 12 5 WRITE 2147979904 128 535040
646592 14 14 16 READ 2147654656 2048 535470
564350 14 14 8 WRITE 2148019200 128 536230
564419 14 14 10 WRITE 2148019456 128 536660
564487 14 14 9 WRITE 2148019328 128 537090
564555 14 14 11 WRITE 2148019584 128 537520
577385 14 14 12 WRITE 2148019712 128 537950
577472 14 14 14 WRITE 2148019968 128 538380
577534 14 14 13 WRITE 2148019840 128 538810
577621 14 14 15 WRITE 2148020096 128 539240
724470 12 12 24 WRITE 2148016128 128 539670
724729 12 12 26 WRITE 2148016384 128 540100
724809 12 12 25 WRITE 2148016256 128 540530
725206 12 12 28 WRITE 2148016640 128 540960
725281 12 12 30 WRITE 2148016896 128 541390
725356 12 12 27 WRITE 2148016512 128 541820
725431 12 12 29 WRITE 2148016768 128 542250
725529 12 12 31 WRITE 2148017024 128 542680
607310 13 13 16 READ 2147855872 2048 543120
607370 13 13 16 READ 2147655680 2048 543870
651629 1 1 6 WRITE 2148022016 128 544630
651740 1 1 4 WRITE 2148021760 128 545060
589111 5 5 8 READ 2147629056 2048 545490
653461 1 1 7 WRITE 2148022144 128 546240
653837 1 1 18 WRITE 2148022528 128 546670
661644 1 1 16 WRITE 2148022272 128 547100
661908 1 1 20 WRITE 2148022784 128 547730
661923 1 1 5 WRITE 2148021888 128 548160
661939 1 1 22 WRITE 2148023040 128 548590
661955 1 1 23 WRITE 2148023168 128 549020
662281 1 1 17 WRITE 2148022400 128 549450
662400 1 1 19 WRITE 2148022656 128 549880
666024 1 1 21 WRITE 2148022912 128 550310
666736 2 2 16 WRITE 2148023296 128 550740
667344 2 2 18 WRITE 2148023552 128 551170
670059 2 2 17 WRITE 2148023424 128 551600
670229 2 2 19 WRITE 2148023680 128 552030
652225 10 10 33 WRITE 2147954816 128 552460
700882 10 10 35 WRITE 2147955072 128 552890
744454 10 10 37 WRITE 2147955328 128 553320
744469 10 10 39 WRITE 2147955584 128 553750
700919 0 0 22 READ 2147858688 2048 554190
463732 2 2 41 WRITE 2147961984 128 554960
463747 2 2 43 WRITE 2147962240 128 555390
463802 2 2 45 WRITE 2147962496 128 555820
661337 5 5 26 READ 2147830528 2048 556250
666101 2 2 0 WRITE 2147994624 128 557020
666823 2 2 2 WRITE 2147994880 128 557450
667169 2 2 1 WRITE 2147994752 128 557880
667432 2 2 6 WRITE 2147995392 128 558500
667780 2 2 4 WRITE 2147995136 128 558930
668215 2 2 3 WRITE 2147995008 128 559360
668331 2 2 5 WRITE 2147995264 128 559790
668474 2 2 7 WRITE 2147995520 128 560220
319684 2 2 31 WRITE 2147932032 128 560670
319573 4 4 29 WRITE 2147933824 128 561100
520240 6 6 0 WRITE 2147997696 128 561530
396964 8 8 6 WRITE 2147997440 128 561960
520342 6 6 2 WRITE 2147997952 128 562390
397045 8 8 4 WRITE 2147997184 128 562820
520522 6 6 4 WRITE 2147998208 128 563250
398957 8 8 1 WRITE 2147996800 128 563680
520658 6 6 6 WRITE 2147998464 128 564110
399067 8 8 3 WRITE 2147997056 128 564540
685197 1 1 8 WRITE 2148061184 128 564970
663735 5 5 16 WRITE 2147995648 128 565400
520783 6 6 1 WRITE 2147997824 128 565830
399203 8 8 5 WRITE 2147997312 128 566260
685360 1 1 10 WRITE 2148061440 128 566690
663751 5 5 18 WRITE 2147995904 128 567120
520918 6 6 3 WRITE 2147998080 128 567550
399283 8 8 7 WRITE 2147997568 128 567980
685520 1 1 12 WRITE 2148061696 128 568410
663846 5 5 20 WRITE 2147996160 128 568840
521054 6 6 5 WRITE 2147998336 128 569270
685614 1 1 14 WRITE 2148061952 128 569700
664051 5 5 22 WRITE 2147996416 128 570130
521188 6 6 7 WRITE 2147998592 128 570560
685734 1 1 24 WRITE 2148063232 128 570990
673319 5 5 17 WRITE 2147995776 128 571420
685828 1 1 26 WRITE 2148063488 128 571850
685895 1 1 30 WRITE 2148064000 128 572280
692466 5 5 23 WRITE 2147996544 128 572710
617110 11 11 18 WRITE 2147998976 128 573140
719071 0 0 24 WRITE 2148062208 128 573570
685988 1 1 28 WRITE 2148063744 128 574000
692481 5 5 19 WRITE 2147996032 128 574430
617126 11 11 22 WRITE 2147999488 128 574860
719444 0 0 26 WRITE 2148062464 128 575290
686555 1 1 9 WRITE 2148061312 128 575720
692496 5 5 21 WRITE 2147996288 128 576150
616881 12 12 22 WRITE 2148001536 128 576600
616913 12 12 23 WRITE 2148001664 128 577030
616964 12 12 16 WRITE 2148000768 128 577460
692347 12 12 18 WRITE 2148001024 128 577890
700010 12 12 20 WRITE 2148001280 128 578320
701085 12 12 17 WRITE 2148000896 128 578750
701100 12 12 19 WRITE 2148001152 128 579180
701173 12 12 21 WRITE 2148001408 128 579610
707215 2 2 8 READ 2147872256 2048 580040
707277 2 2 8 READ 2147672064 2048 580800
399287 12 12 41 WRITE 2147972224 128 581560
399444 12 12 43 WRITE 2147972480 128 581990
400723 11 11 41 WRITE 2147971200 128 582420
620068 3 3 44 WRITE 2148038144 128 582850
405871 11 11 43 WRITE 2147971456 128 583280
440436 12 12 45 WRITE 2147972736 128 583710
620084 3 3 46 WRITE 2148038400 128 584140
407511 11 11 45 WRITE 2147971712 128 584570
623634 0 0 2 WRITE 2148038912 128 585000
620167 3 3 45 WRITE 2148038272 128 585430
623790 0 0 0 WRITE 2148038656 128 585860
620344 3 3 47 WRITE 2148038528 128 586290
623997 0 0 1 WRITE 2148038784 128 586720
624190 0 0 4 WRITE 2148039168 128 587150
624225 0 0 3 WRITE 2148039040 128 587580
624321 0 0 6 WRITE 2148039424 128 588010
624354 0 0 5 WRITE 2148039296 128 588440
624478 0 0 7 WRITE 2148039552 128 588870
692161 5 5 40 WRITE 2148036608 128 589300
405854 7 7 15 WRITE 2147906432 128 589730
744513 5 5 44 WRITE 2148037120 128 590160
744530 5 5 42 WRITE 2148036864 128 590590
762330 5 5 46 WRITE 2148037376 128 591020
700606 12 12 34 WRITE 2148005120 128 591460
700696 12 12 38 WRITE 2148005632 128 591890
701009 12 12 35 WRITE 2148005248 128 592320
701288 12 12 33 WRITE 2148004992 128 592750
729920 12 12 0 READ 2147678208 2048 593180
450547 11 11 8 READ 2147616768 2048 593950
589187 0 0 47 WRITE 2147976064 128 594710
625564 14 14 42 WRITE 2148041984 128 595140
625580 14 14 40 WRITE 2148041728 128 595570
625598 14 14 43 WRITE 2148042112 128 596190
625630 14 14 41 WRITE 2148041856 128 596620
625677 14 14 44 WRITE 2148042240 128 597050
625807 14 14 46 WRITE 2148042496 128 597480
625871 14 14 45 WRITE 2148042368 128 597910
705198 0 0 45 WRITE 2147975808 128 598340
616798 8 8 20 WRITE 2147978752 128 598770
627015 13 13 40 WRITE 2148042752 128 599200
625970 14 14 47 WRITE 2148042624 128 599630
705273 0 0 41 WRITE 2147975296 128 600060
623728 4 4 16 WRITE 2148043776 128 600490
695780 6 6 32 READ 2147647488 2048 600920
719442 14 14 6 WRITE 2148046592 128 601690
719458 14 14 0 WRITE 2148045824 128 602120
719486 14 14 2 WRITE 2148046080 128 602550
719500 14 14 7 WRITE 2148046720 128 602980
719529 14 14 4 WRITE 2148046336 128 603410
719544 14 14 1 WRITE 2148045952 128 603840
719754 14 14 3 WRITE 2148046208 128 604270
720076 14 14 5 WRITE 2148046464 128 604700
722908 0 0 8 WRITE 2148044800 128 605130
722990 0 0 9 WRITE 2148044928 128 605560
723071 0 0 10 WRITE 2148045056 128 605990
723153 0 0 11 WRITE 2148045184 128 606420
723232 0 0 14 WRITE 2148045568 128 606850
723309 0 0 12 WRITE 2148045312 128 607280
723384 0 0 15 WRITE 2148045696 128 607710
723461 0 0 13 WRITE 2148045440 128 608140
693419 9 9 32 READ 2147624960 2048 608580
624446 0 0 16 READ 2147657728 2048 609340
748387 2 2 20 WRITE 2148023808 128 610100
748455 2 2 22 WRITE 2148024064 128 610530
748548 2 2 23 WRITE 2148024192 128 610960
748628 2 2 21 WRITE 2148023936 128 611390
719412 14 14 32 WRITE 2148052992 128 611830
719601 14 14 34 WRITE 2148053248 128 612260
719899 14 14 36 WRITE 2148053504 128 612690
720228 14 14 38 WRITE 2148053760 128 613120
720836 14 14 33 WRITE 2148053120 128 613550
720945 14 14 35 WRITE 2148053376 128 613980
721044 14 14 37 WRITE 2148053632 128 614410
721144 14 14 39 WRITE 2148053888 128 614840
692163 6 6 22 WRITE 2148028160 128 615280
692591 6 6 20 WRITE 2148027904 128 615710
692607 6 6 23 WRITE 2148028288 128 616140
693991 6 6 21 WRITE 2148028032 128 616570
703566 0 0 39 WRITE 2147960704 128 617000
703581 0 0 33 WRITE 2147959936 128 617430
703654 0 0 35 WRITE 2147960192 128 617860
703670 0 0 37 WRITE 2147960448 128 618290
696996 5 5 32 READ 2147666944 2048 618730
764575 5 5 8 WRITE 2148029440 128 619490
766777 5 5 10 WRITE 2148029696 128 619920
766850 5 5 12 WRITE 2148029952 128 620350
766876 5 5 14 WRITE 2148030208 128 620780
769933 5 5 24 WRITE 2148030464 128 621210
771468 5 5 26 WRITE 2148030720 128 621640
771493 5 5 28 WRITE 2148030976 128 622070
771505 5 5 30 WRITE 2148031232 128 622500
771578 5 5 25 WRITE 2148030592 128 622930
771679 5 5 29 WRITE 2148031104 128 623360
771745 5 5 9 WRITE 2148029568 128 623790
771847 5 5 11 WRITE 2148029824 128 624220
771920 5 5 15 WRITE 2148030336 128 624650
771994 5 5 13 WRITE 2148030080 128 625080
772067 5 5 27 WRITE 2148030848 128 625510
617159 11 11 16 WRITE 2147998720 128 625950
759611 0 0 28 WRITE 2148062720 128 626380
687172 1 1 11 WRITE 2148061568 128 626810
696908 5 5 32 READ 2147867136 2048 627240
617176 11 11 20 WRITE 2147999232 128 627990
763930 0 0 30 WRITE 2148062976 128 628420
691954 1 1 13 WRITE 2148061824 128 628850
763054 11 11 17 WRITE 2147998848 128 629480
765696 0 0 25 WRITE 2148062336 128 629910
692046 1 1 29 WRITE 2148063872 128 630340
765144 11 11 19 WRITE 2147999104 128 630770
766257 0 0 31 WRITE 2148063104 128 631200
692397 1 1 25 WRITE 2148063360 128 631630
766882 11 11 21 WRITE 2147999360 128 632060
766338 0 0 27 WRITE 2148062592 128 632490
692826 1 1 15 WRITE 2148062080 128 632920
768466 11 11 23 WRITE 2147999616 128 633350
766419 0 0 29 WRITE 2148062848 128 633780
693127 1 1 27 WRITE 2148063616 128 634210
772598 5 5 0 READ 2147667968 2048 634640
746009 10 10 16 READ 2147866112 2048 635390
693443 1 1 31 WRITE 2148064128 128 636140
652241 10 10 41 WRITE 2147970176 128 636890
652272 10 10 43 WRITE 2147970432 128 637320
652305 10 10 45 WRITE 2147970688 128 637750
744487 10 10 4 WRITE 2148034048 128 638180
744518 10 10 0 WRITE 2148033536 128 638610
744536 10 10 2 WRITE 2148033792 128 639040
616423 7 7 41 WRITE 2147967104 128 639470
616683 7 7 43 WRITE 2147967360 128 639900
617008 7 7 45 WRITE 2147967616 128 640330
744583 10 10 6 WRITE 2148034304 128 640760
698196 6 6 40 WRITE 2148035584 128 641190
745012 10 10 1 WRITE 2148033664 128 641620
745134 10 10 3 WRITE 2148033920 128 642050
745249 10 10 5 WRITE 2148034176 128 642480
745337 10 10 7 WRITE 2148034432 128 642910
407824 7 7 27 WRITE 2147936640 128 643350
407836 7 7 29 WRITE 2147936896 128 643780
407849 7 7 31 WRITE 2147937152 128 644210
699719 11 11 2 WRITE 2148000000 128 644640
768500 7 7 20 WRITE 2148002304 128 645070
700163 11 11 0 WRITE 2147999744 128 645500
768562 7 7 16 WRITE 2148001792 128 645930
700255 11 11 6 WRITE 2148000512 128 646360
768635 7 7 0 WRITE 2148002816 128 646790
700411 11 11 4 WRITE 2148000256 128 647220
768647 7 7 18 WRITE 2148002048 128 647650
762917 11 11 7 WRITE 2148000640 128 648080
768659 7 7 2 WRITE 2148003072 128 648510
768685 7 7 22 WRITE 2148002560 128 648940
768897 11 11 1 WRITE 2147999872 128 649370
768868 7 7 21 WRITE 2148002432 128 649800
768996 11 11 3 WRITE 2148000128 128 650230
769078 7 7 17 WRITE 2148001920 128 650660
769213 7 7 19 WRITE 2148002176 128 651090
769693 11 11 5 WRITE 2148000384 128 651520
769359 7 7 23 WRITE 2148002688 128 651950
789241 7 7 4 WRITE 2148003328 128 652380
789253 7 7 1 WRITE 2148002944 128 652810
789266 7 7 6 WRITE 2148003584 128 653240
788509 9 9 42 READ 2147870464 2048 653670
789343 7 7 3 WRITE 2148003200 128 654420
847977 5 5 41 WRITE 2148036736 128 654860
707493 2 2 12 READ 2147872768 2048 655300
694057 9 9 16 WRITE 2148005888 128 656050
694161 9 9 18 WRITE 2148006144 128 656480
694297 9 9 17 WRITE 2148006016 128 656910
719650 2 2 32 READ 2147876352 2048 657540
719711 2 2 32 READ 2147676160 2048 658300
700060 3 3 28 WRITE 2148009472 128 659060
700076 3 3 24 WRITE 2148008960 128 659490
700105 3 3 26 WRITE 2148009216 128 659920
700341 3 3 31 WRITE 2148009856 128 660350
700356 3 3 25 WRITE 2148009088 128 660780
700371 3 3 30 WRITE 2148009728 128 661210
700387 3 3 27 WRITE 2148009344 128 661640
700418 3 3 29 WRITE 2148009600 128 662070
729868 12 12 0 READ 2147878400 2048 662500
730100 12 12 4 READ 2147878912 2048 663260
617040 8 8 22 WRITE 2147979008 128 664030
627032 13 13 42 WRITE 2148043008 128 664750
705288 0 0 43 WRITE 2147975552 128 665510
623745 4 4 18 WRITE 2148044032 128 665940
691960 8 8 23 WRITE 2147979136 128 666370
627049 13 13 41 WRITE 2148042880 128 666800
623985 4 4 17 WRITE 2148043904 128 667230
692244 8 8 17 WRITE 2147978368 128 667660
627112 13 13 43 WRITE 2148043136 128 668090
624002 4 4 19 WRITE 2148044160 128 668520
692293 8 8 19 WRITE 2147978624 128 668950
627222 13 13 44 WRITE 2148043264 128 669380
692701 8 8 21 WRITE 2147978880 128 669810
744552 10 10 8 WRITE 2148040704 128 670240
627295 13 13 46 WRITE 2148043520 128 670670
744751 10 10 10 WRITE 2148040960 128 671100
627396 13 13 45 WRITE 2148043392 128 671530
805622 10 10 12 WRITE 2148041216 128 671960
661453 13 13 47 WRITE 2148043648 128 672390
805679 10 10 14 WRITE 2148041472 128 672820
805842 10 10 15 WRITE 2148041600 128 673250
805854 10 10 9 WRITE 2148040832 128 673680
805913 10 10 11 WRITE 2148041088 128 674110
805925 10 10 13 WRITE 2148041344 128 674540
720342 4 4 20 WRITE 2148044288 128 674970
744674 9 9 12 WRITE 2148015616 128 675410
744688 9 9 15 WRITE 2148016000 128 675840
744719 9 9 8 WRITE 2148015104 128 676270
744765 9 9 10 WRITE 2148015360 128 676700
744793 9 9 14 WRITE 2148015872 128 677130
745306 9 9 9 WRITE 2148015232 128 677560
745427 9 9 11 WRITE 2148015488 128 677990
787980 9 9 13 WRITE 2148015744 128 678420
804461 12 12 28 READ 2147880960 2048 678850
720007 4 4 14 WRITE 2148047616 128 679610
720050 4 4 11 WRITE 2148047232 128 680040
870326 6 6 32 WRITE 2148047872 128 680470
874543 6 6 38 WRITE 2148048640 128 681090
874550 6 6 34 WRITE 2148048128 128 681520
874581 6 6 37 WRITE 2148048512 128 681950
805522 11 11 8 WRITE 2148017152 128 682390
847876 11 11 10 WRITE 2148017408 128 682820
847899 11 11 9 WRITE 2148017280 128 683250
849334 11 11 11 WRITE 2148017536 128 683680
661657 13 13 0 WRITE 2148051968 128 684120
661674 13 13 1 WRITE 2148052096 128 684550
719317 13 13 2 WRITE 2148052224 128 684980
719332 13 13 3 WRITE 2148052352 128 685410
722737 3 3 32 WRITE 2148049920 128 685840
719840 13 13 6 WRITE 2148052736 128 686270
720259 13 13 4 WRITE 2148052480 128 686700
723387 3 3 34 WRITE 2148050176 128 687130
720588 13 13 7 WRITE 2148052864 128 687560
720880 13 13 5 WRITE 2148052608 128 687990
724056 3 3 33 WRITE 2148050048 128 688420
724095 3 3 36 WRITE 2148050432 128 688850
724119 3 3 35 WRITE 2148050304 128 689280
806110 3 3 16 WRITE 2148050944 128 689710
870020 3 3 38 WRITE 2148050688 128 690140
870422 3 3 39 WRITE 2148050816 128 690570
870544 3 3 37 WRITE 2148050560 128 691000
870622 3 3 18 WRITE 2148051200 128 691430
870740 3 3 20 WRITE 2148051456 128 691860
870074 13 13 22 WRITE 2148056832 128 692310
870126 13 13 16 WRITE 2148056064 128 692740
870185 13 13 18 WRITE 2148056320 128 693170
870246 13 13 20 WRITE 2148056576 128 693600
870376 13 13 23 WRITE 2148056960 128 694030
870407 13 13 17 WRITE 2148056192 128 694460
870796 3 3 8 WRITE 2148054016 128 694890
870893 13 13 19 WRITE 2148056448 128 695320
870816 3 3 10 WRITE 2148054272 128 695750
870924 13 13 21 WRITE 2148056704 128 696180
870836 3 3 12 WRITE 2148054528 128 696610
870899 3 3 14 WRITE 2148054784 128 697040
822292 14 14 16 WRITE 2148055040 128 697470
822424 14 14 18 WRITE 2148055296 128 697900
870343 14 14 20 WRITE 2148055552 128 698330
871176 14 14 22 WRITE 2148055808 128 698760
871295 14 14 19 WRITE 2148055424 128 699190
871361 14 14 17 WRITE 2148055168 128 699620
871426 14 14 21 WRITE 2148055680 128 700050
871480 14 14 23 WRITE 2148055936 128 700480
872378 3 3 9 WRITE 2148054144 128 700910
822233 7 7 32 WRITE 2148026368 128 701350
822300 7 7 34 WRITE 2148026624 128 701780
822387 7 7 36 WRITE 2148026880 128 702210
822452 7 7 38 WRITE 2148027136 128 702640
822508 7 7 33 WRITE 2148026496 128 703070
822580 7 7 37 WRITE 2148027008 128 703500
822672 7 7 35 WRITE 2148026752 128 703930
822742 7 7 39 WRITE 2148027264 128 704360
821447 0 0 16 WRITE 2148058112 128 704800
821602 0 0 18 WRITE 2148058368 128 705230
821643 0 0 17 WRITE 2148058240 128 705660
821706 0 0 22 WRITE 2148058880 128 706090
822348 0 0 20 WRITE 2148058624 128 706520
823096 0 0 19 WRITE 2148058496 128 706950
823165 0 0 21 WRITE 2148058752 128 707380
823246 0 0 23 WRITE 2148059008 128 707810
719992 4 4 6 WRITE 2147992320 128 708240
720022 4 4 0 WRITE 2147991552 128 708670
720066 4 4 2 WRITE 2147991808 128 709100
720311 4 4 4 WRITE 2147992064 128 709530
720326 4 4 1 WRITE 2147991680 128 709960
869989 13 13 34 READ 2147664128 2048 710390
759548 14 14 26 WRITE 2148060416 128 711140
870563 3 3 0 WRITE 2148057088 128 711570
759772 14 14 24 WRITE 2148060160 128 712000
759927 14 14 25 WRITE 2148060288 128 712630
760564 14 14 28 WRITE 2148060672 128 713060
760646 14 14 30 WRITE 2148060928 128 713490
760728 14 14 27 WRITE 2148060544 128 713920
760821 14 14 29 WRITE 2148060800 128 714350
760901 14 14 31 WRITE 2148061056 128 714780
872544 3 3 2 WRITE 2148057344 128 715210
720656 4 4 3 WRITE 2147991936 128 715640
872618 3 3 4 WRITE 2148057600 128 716070
870160 4 4 5 WRITE 2147992192 128 716500
886739 3 3 6 WRITE 2148057856 128 716930
873991 4 4 7 WRITE 2147992448 128 717360
889969 3 3 1 WRITE 2148057216 128 717790
890183 3 3 3 WRITE 2148057472 128 718220
896882 3 3 5 WRITE 2148057728 128 718650
896919 3 3 7 WRITE 2148057984 128 719080
831294 5 5 31 WRITE 2148031360 128 719520
805334 11 11 34 WRITE 2148031744 128 719950
805361 11 11 32 WRITE 2148031488 128 720380
849458 11 11 38 WRITE 2148032256 128 720810
849470 11 11 36 WRITE 2148032000 128 721240
857444 11 11 33 WRITE 2148031616 128 721670
857510 11 11 35 WRITE 2148031872 128 722100
857577 11 11 39 WRITE 2148032384 128 722530
859729 11 11 37 WRITE 2148032128 128 722960
789168 11 11 24 READ 2147671040 2048 723400
693653 1 1 41 WRITE 2148032640 128 724170
776295 1 1 43 WRITE 2148032896 128 724600
828628 1 1 45 WRITE 2148033152 128 725030
828639 1 1 47 WRITE 2148033408 128 725460
792364 7 7 5 WRITE 2148003456 128 725900
833312 7 7 7 WRITE 2148003712 128 726330
847989 5 5 32 WRITE 2148067328 128 726760
848012 5 5 38 WRITE 2148068096 128 727190
848454 5 5 34 WRITE 2148067584 128 727620
848476 5 5 36 WRITE 2148067840 128 728050
849307 5 5 0 WRITE 2148068352 128 728480
849380 5 5 2 WRITE 2148068608 128 728910
851094 5 5 33 WRITE 2148067456 128 729340
851314 5 5 35 WRITE 2148067712 128 729770
851425 5 5 37 WRITE 2148067968 128 730200
851536 5 5 39 WRITE 2148068224 128 730630
851593 5 5 1 WRITE 2148068480 128 731060
857351 5 5 3 WRITE 2148068736 128 731490
867994 5 5 4 WRITE 2148068864 128 731920
869078 5 5 6 WRITE 2148069120 128 732350
870923 9 9 0 READ 2147674112 2048 732780
858302 5 5 43 WRITE 2148036992 128 733550
861035 5 5 47 WRITE 2148037504 128 733980
861462 5 5 45 WRITE 2148037248 128 734410
744534 9 9 20 WRITE 2148006400 128 734850
744703 9 9 22 WRITE 2148006656 128 735280
744749 9 9 19 WRITE 2148006272 128 735710
744886 9 9 21 WRITE 2148006528 128 736140
744660 10 10 31 WRITE 2147940224 128 736570
744995 9 9 23 WRITE 2148006784 128 737000
719173 8 8 24 READ 2147612672 2048 737430
790791 2 2 8 WRITE 2148072448 128 738180
790885 2 2 10 WRITE 2148072704 128 738610
790931 2 2 9 WRITE 2148072576 128 739040
791011 2 2 11 WRITE 2148072832 128 739840
744887 10 10 29 WRITE 2147939968 128 740270
804610 12 12 37 WRITE 2148005504 128 740700
869335 2 2 12 WRITE 2148072960 128 741130
804623 12 12 39 WRITE 2148005760 128 741560
869401 2 2 14 WRITE 2148073216 128 741990
869448 2 2 13 WRITE 2148073088 128 742420
869513 2 2 15 WRITE 2148073344 128 742850
904560 11 11 24 WRITE 2148071424 128 743280
904582 9 9 42 WRITE 2148070656 128 743710
904600 11 11 26 WRITE 2148071680 128 744140
904620 9 9 40 WRITE 2148070400 128 744570
904995 11 11 28 WRITE 2148071936 128 745000
905023 11 11 30 WRITE 2148072192 128 745430
905188 11 11 25 WRITE 2148071552 128 745860
905317 11 11 27 WRITE 2148071808 128 746290
905441 9 9 41 WRITE 2148070528 128 746720
905360 11 11 29 WRITE 2148072064 128 747150
905446 9 9 46 WRITE 2148071168 128 747580
905443 11 11 31 WRITE 2148072320 128 748010
905787 9 9 44 WRITE 2148070912 128 748440
905790 9 9 43 WRITE 2148070784 128 748870
905847 9 9 45 WRITE 2148071040 128 749300
905863 9 9 47 WRITE 2148071296 128 749730
739703 12 12 24 READ 2147680256 2048 750170
720145 8 8 42 WRITE 2148011264 128 750920
720999 4 4 22 WRITE 2148044544 128 751360
896064 4 4 21 WRITE 2148044416 128 751790
896103 4 4 23 WRITE 2148044672 128 752410
874902 12 12 0 WRITE 2148078592 128 752850
874940 12 12 2 WRITE 2148078848 128 753280
877990 12 12 1 WRITE 2148078720 128 753710
878141 12 12 3 WRITE 2148078976 128 754140
878179 12 12 6 WRITE 2148079360 128 754570
878220 12 12 4 WRITE 2148079104 128 755000
878263 12 12 5 WRITE 2148079232 128 755430
878303 12 12 7 WRITE 2148079488 128 755860
879445 14 14 8 WRITE 2148079616 128 756290
879510 14 14 10 WRITE 2148079872 128 756720
879825 14 14 9 WRITE 2148079744 128 757150
879857 14 14 11 WRITE 2148080000 128 757580
869919 10 10 34 READ 2147883776 2048 758010
907502 14 14 12 WRITE 2148080128 128 758760
907520 14 14 14 WRITE 2148080384 128 759190
869863 4 4 8 WRITE 2148046848 128 759630
870099 4 4 10 WRITE 2148047104 128 760250
870219 4 4 12 WRITE 2148047360 128 760680
870564 4 4 15 WRITE 2148047744 128 761110
897118 4 4 9 WRITE 2148046976 128 761540
897155 4 4 13 WRITE 2148047488 128 761970
876152 6 6 36 WRITE 2148048384 128 762400
877201 6 6 33 WRITE 2148048000 128 762830
878665 6 6 35 WRITE 2148048256 128 763260
878697 6 6 39 WRITE 2148048768 128 763690
806639 12 12 8 WRITE 2148018176 128 764130
807105 12 12 10 WRITE 2148018432 128 764560
807177 12 12 12 WRITE 2148018688 128 764990
807230 12 12 14 WRITE 2148018944 128 765420
807384 12 12 9 WRITE 2148018304 128 765850
807456 12 12 11 WRITE 2148018560 128 766280
807518 12 12 13 WRITE 2148018816 128 766710
808191 12 12 15 WRITE 2148019072 128 767140
879476 11 11 12 WRITE 2148017664 128 767570
879542 11 11 14 WRITE 2148017920 128 768000
879605 11 11 13 WRITE 2148017792 128 768430
879667 11 11 15 WRITE 2148018048 128 768860
913213 10 10 34 WRITE 2148083968 64 769290
913229 10 10 32 WRITE 2148083712 128 769720
872116 3 3 22 WRITE 2148051712 128 770160
876077 3 3 17 WRITE 2148051072 128 770590
876619 3 3 19 WRITE 2148051328 128 771020
877126 3 3 21 WRITE 2148051584 128 771450
877425 3 3 23 WRITE 2148051840 128 771880
896141 4 4 32 WRITE 2148048896 128 772310
896159 4 4 38 WRITE 2148049664 128 772740
896166 4 4 34 WRITE 2148049152 128 773170
896907 4 4 36 WRITE 2148049408 128 773600
901124 4 4 33 WRITE 2148049024 128 774030
912279 4 4 35 WRITE 2148049280 128 774460
912295 4 4 37 WRITE 2148049536 128 774890
912309 4 4 39 WRITE 2148049792 128 775320
886049 3 3 11 WRITE 2148054400 128 775770
887578 3 3 13 WRITE 2148054656 128 776200
887610 3 3 15 WRITE 2148054912 128 776630
848374 9 9 38 WRITE 2148026112 128 777070
848386 9 9 32 WRITE 2148025344 128 777500
848409 9 9 34 WRITE 2148025600 128 777930
848825 9 9 39 WRITE 2148026240 128 778360
848846 9 9 36 WRITE 2148025856 128 778790
849278 9 9 33 WRITE 2148025472 128 779220
871491 9 9 35 WRITE 2148025728 128 779650
871499 9 9 37 WRITE 2148025984 128 780080
914618 4 4 40 WRITE 2148059136 128 780520
914634 4 4 42 WRITE 2148059392 128 780950
914776 4 4 44 WRITE 2148059648 128 781380
914793 4 4 46 WRITE 2148059904 128 781810
914830 4 4 41 WRITE 2148059264 128 782240
914845 4 4 43 WRITE 2148059520 128 782670
914854 4 4 45 WRITE 2148059776 128 783100
914871 4 4 47 WRITE 2148060032 128 783530
901033 13 13 32 WRITE 2148064256 128 783980
901038 13 13 34 WRITE 2148064512 128 784410
901156 13 13 33 WRITE 2148064384 128 784840
901163 13 13 35 WRITE 2148064640 128 785270
905167 13 13 36 WRITE 2148064768 128 785700
905210 13 13 38 WRITE 2148065024 128 786130
905295 13 13 37 WRITE 2148064896 128 786560
905463 13 13 39 WRITE 2148065152 128 786990
700109 6 6 42 WRITE 2148035840 128 787430
700221 6 6 41 WRITE 2148035712 128 787860
700236 6 6 46 WRITE 2148036352 128 788290
700264 6 6 44 WRITE 2148036096 128 788720
719656 6 6 45 WRITE 2148036224 128 789150
720068 6 6 43 WRITE 2148035968 128 789580
720410 6 6 47 WRITE 2148036480 128 790010
904969 5 5 7 WRITE 2148069248 128 790450
905101 5 5 5 WRITE 2148068992 128 790880
905251 13 13 8 WRITE 2148065280 128 791310
905339 13 13 10 WRITE 2148065536 128 791740
905382 13 13 12 WRITE 2148065792 128 792170
905422 13 13 14 WRITE 2148066048 128 792600
905523 13 13 9 WRITE 2148065408 128 793030
905547 13 13 11 WRITE 2148065664 128 793460
905758 13 13 13 WRITE 2148065920 128 793890
905781 13 13 15 WRITE 2148066176 128 794320
870329 10 10 18 WRITE 2148066560 128 794750
870340 10 10 16 WRITE 2148066304 128 795180
870395 10 10 19 WRITE 2148066688 128 795610
905082 10 10 20 WRITE 2148066816 128 796040
905124 10 10 22 WRITE 2148067072 128 796470
905563 10 10 17 WRITE 2148066432 128 796900
911917 10 10 21 WRITE 2148066944 128 797330
911964 10 10 23 WRITE 2148067200 128 797760
720735 6 6 24 WRITE 2148039680 128 798200
805518 6 6 30 WRITE 2148040448 128 798630
869885 6 6 26 WRITE 2148039936 128 799060
870110 6 6 28 WRITE 2148040192 128 799490
870201 6 6 27 WRITE 2148040064 128 799920
870262 6 6 25 WRITE 2148039808 128 800350
870401 6 6 31 WRITE 2148040576 128 800780
870413 6 6 29 WRITE 2148040320 128 801210
874183 1 1 32 WRITE 2148069376 128 801650
720159 8 8 40 WRITE 2148011008 128 802090
872028 2 2 32 WRITE 2148076544 128 802520
872081 2 2 34 WRITE 2148076800 128 802950
720521 8 8 43 WRITE 2148011392 128 803380
872109 2 2 33 WRITE 2148076672 128 803810
720597 8 8 41 WRITE 2148011136 128 804240
872155 2 2 35 WRITE 2148076928 128 804670
802721 8 8 44 WRITE 2148011520 128 805100
907475 9 9 24 WRITE 2148073472 128 805530
908026 13 13 24 WRITE 2148075520 128 805960
879341 2 2 36 WRITE 2148077056 128 806390
907531 9 9 26 WRITE 2148073728 128 806820
908144 13 13 26 WRITE 2148075776 128 807250
879374 2 2 38 WRITE 2148077312 128 807680
907604 9 9 28 WRITE 2148073984 128 808110
908221 13 13 28 WRITE 2148076032 128 808540
879407 2 2 39 WRITE 2148077440 128 808970
907639 9 9 30 WRITE 2148074240 128 809400
908261 13 13 30 WRITE 2148076288 128 809830
879789 2 2 37 WRITE 2148077184 128 810260
907730 9 9 25 WRITE 2148073600 128 810690
908312 13 13 29 WRITE 2148076160 128 811120
907915 9 9 0 WRITE 2148074496 128 811550
908334 13 13 25 WRITE 2148075648 128 811980
878086 8 8 46 WRITE 2148011776 128 812410
907929 9 9 2 WRITE 2148074752 128 812840
908373 13 13 27 WRITE 2148075904 128 813270
907952 9 9 4 WRITE 2148075008 128 813700
908393 13 13 31 WRITE 2148076416 128 814130
907981 9 9 6 WRITE 2148075264 128 814560
908056 9 9 27 WRITE 2148073856 128 814990
911451 8 8 45 WRITE 2148011648 128 815420
908097 9 9 29 WRITE 2148074112 128 815850
911640 8 8 47 WRITE 2148011904 128 816280
911366 9 9 31 WRITE 2148074368 128 816710
911469 9 9 1 WRITE 2148074624 128 817140
911568 9 9 5 WRITE 2148075136 128 817570
911652 9 9 3 WRITE 2148074880 128 818000
911709 9 9 7 WRITE 2148075392 128 818430
911765 12 12 24 WRITE 2148080640 128 818880
911776 12 12 26 WRITE 2148080896 128 819310
911784 12 12 25 WRITE 2148080768 128 819740
911795 12 12 27 WRITE 2148081024 128 820170
911895 14 14 13 WRITE 2148080256 128 820600
911905 14 14 15 WRITE 2148080512 128 821030
911927 12 12 28 WRITE 2148081152 128 821460
911934 6 6 8 WRITE 2148077568 128 821890
911951 6 6 10 WRITE 2148077824 128 822320
911961 6 6 12 WRITE 2148078080 128 822750
911971 6 6 9 WRITE 2148077696 128 823180
911994 6 6 14 WRITE 2148078336 128 823610
912011 12 12 30 WRITE 2148081408 128 824040
912023 6 6 11 WRITE 2148077952 128 824470
912047 12 12 29 WRITE 2148081280 128 824900
912065 12 12 31 WRITE 2148081536 128 825330
911368 8 8 26 WRITE 2148013312 128 825760
911373 8 8 24 WRITE 2148013056 128 826190
922059 6 6 13 WRITE 2148078208 128 826620
921832 8 8 8 WRITE 2148014080 128 827050
921844 8 8 28 WRITE 2148013568 128 827480
921848 8 8 30 WRITE 2148013824 128 827910
922255 6 6 15 WRITE 2148078464 128 828340
922225 8 8 31 WRITE 2148013952 128 828770
922253 8 8 10 WRITE 2148014336 128 829200
922268 8 8 12 WRITE 2148014592 128 829630
922296 8 8 14 WRITE 2148014848 128 830060
922331 8 8 25 WRITE 2148013184 128 830490
922347 8 8 27 WRITE 2148013440 128 830920
922352 8 8 29 WRITE 2148013696 128 831350
922360 8 8 9 WRITE 2148014208 128 831780
922363 8 8 11 WRITE 2148014464 128 832210
922366 8 8 13 WRITE 2148014720 128 832640
922369 8 8 15 WRITE 2148014976 128 833070
912034 1 1 0 WRITE 2148081664 128 833520
922147 10 10 33 WRITE 2148083840 128 833950
912054 1 1 2 WRITE 2148081920 128 834380
921636 1 1 4 WRITE 2148082176 128 834810
921978 1 1 6 WRITE 2148082432 128 835240
922086 1 1 16 WRITE 2148082688 128 835670
922100 1 1 3 WRITE 2148082048 128 836100
922115 1 1 1 WRITE 2148081792 128 836530
922206 1 1 18 WRITE 2148082944 128 836960
922263 1 1 5 WRITE 2148082304 128 837390
922294 1 1 7 WRITE 2148082560 128 837820
922310 1 1 20 WRITE 2148083200 128 838250
922327 1 1 22 WRITE 2148083456 128 838680
922345 1 1 21 WRITE 2148083328 128 839110
922386 1 1 17 WRITE 2148082816 128 839540
922388 1 1 19 WRITE 2148083072 128 839970
922393 1 1 23 WRITE 2148083584 128 840400
922039 8 8 32 WRITE 2148034560 128 840910
922285 8 8 34 WRITE 2148034816 128 841340
922287 8 8 36 WRITE 2148035072 128 841770
922300 8 8 38 WRITE 2148035328 128 842200
922318 8 8 33 WRITE 2148034688 128 842630
922328 8 8 39 WRITE 2148035456 128 843060
922333 8 8 35 WRITE 2148034944 128 843490
922336 8 8 37 WRITE 2148035200 128 843920
911422 1 1 38 WRITE 2148070144 128 844380
911511 1 1 34 WRITE 2148069632 128 844810
911526 1 1 36 WRITE 2148069888 128 845240
911606 1 1 37 WRITE 2148070016 128 845670
911612 1 1 33 WRITE 2148069504 128 846100
911681 1 1 35 WRITE 2148069760 128 846530
911687 1 1 39 WRITE 2148070272 128 846960
