1 0 0 1 READ 4026531840 128 170
1534 4 4 34 READ 0 128 3340
6985 3 3 2 READ 4026531968 128 6670
7903 3 3 0 WRITE 2147485952 128 9680
7994 4 4 0 WRITE 2147485952 128 10110
8208 1 1 0 WRITE 2147485952 128 10540
8297 2 2 0 WRITE 2147485952 128 10970
8479 0 0 8 WRITE 2147486176 128 11400
8578 5 5 8 WRITE 2147486080 128 11830
8642 3 3 8 WRITE 2147486080 128 12260
8734 4 4 8 WRITE 2147486080 128 12690
8851 6 6 8 WRITE 2147486112 128 13120
8942 7 7 8 WRITE 2147486112 128 13550
9035 8 8 8 WRITE 2147486112 128 13980
9046 1 1 8 WRITE 2147486048 128 14410
9137 2 2 8 WRITE 2147486080 128 14840
10106 3 3 16 WRITE 2147486208 128 15270
10171 4 4 16 WRITE 2147486208 128 15700
9440 5 5 0 WRITE 2147485984 128 16130
9684 6 6 0 WRITE 2147485984 128 16560
9758 7 7 0 WRITE 2147485984 128 16990
9835 8 8 0 WRITE 2147485984 128 17420
9126 9 9 8 WRITE 2147486112 128 17850
9209 10 10 8 WRITE 2147486144 128 18280
9294 11 11 8 WRITE 2147486144 128 18710
9385 12 12 8 WRITE 2147486144 128 19140
9476 13 13 8 WRITE 2147486144 128 19570
9564 14 14 8 WRITE 2147486176 128 20000
9344 0 0 0 WRITE 2147486048 128 20430
10421 1 1 16 WRITE 2147486176 128 20860
10478 2 2 16 WRITE 2147486176 128 21290
10681 3 3 24 WRITE 2147486304 128 21720
10718 4 4 24 WRITE 2147486336 128 22150
9928 5 5 16 WRITE 2147486208 128 22580
10126 6 6 16 WRITE 2147486208 128 23010
10192 7 7 16 WRITE 2147486240 128 23440
10258 8 8 16 WRITE 2147486240 128 23870
9912 9 9 0 WRITE 2147486016 128 24300
9985 10 10 0 WRITE 2147486016 128 24730
10052 11 11 0 WRITE 2147486016 128 25160
10116 12 12 0 WRITE 2147486016 128 25590
10181 13 13 0 WRITE 2147486048 128 26020
10247 14 14 0 WRITE 2147486048 128 26450
9844 0 0 16 WRITE 2147486304 128 26880
10706 1 1 24 WRITE 2147486304 128 27310
10740 2 2 24 WRITE 2147486304 128 27740
10876 3 3 32 WRITE 2147486432 128 28170
10894 4 4 32 WRITE 2147486432 128 28600
10521 5 5 24 WRITE 2147486336 128 29030
10655 6 6 24 WRITE 2147486336 128 29460
10693 7 7 24 WRITE 2147486336 128 29890
10728 8 8 24 WRITE 2147486368 128 30320
10319 9 9 16 WRITE 2147486240 128 30750
10375 10 10 16 WRITE 2147486240 128 31180
10431 11 11 16 WRITE 2147486272 128 31610
10488 12 12 16 WRITE 2147486272 128 32040
10540 13 13 16 WRITE 2147486272 128 32470
10587 14 14 16 WRITE 2147486272 128 32900
10463 0 0 24 WRITE 2147486400 128 33330
10904 1 1 32 WRITE 2147486432 128 33760
10922 2 2 32 WRITE 2147486432 128 34190
11649 3 3 2 READ 2147483904 128 34620
12085 4 4 29 READ 2147484288 128 35070
10758 9 9 24 WRITE 2147486368 128 37440
10783 10 10 24 WRITE 2147486368 128 37870
10804 11 11 24 WRITE 2147486368 128 38300
10822 12 12 24 WRITE 2147486400 128 38730
10840 13 13 24 WRITE 2147486400 128 39160
10857 14 14 24 WRITE 2147486400 128 39590
12488 2 2 32 READ 2147483648 128 40020
11661 3 3 4 READ 2147484160 128 40470
11521 5 5 1 READ 2147483776 128 40920
11531 5 5 3 READ 2147484032 128 43930
11552 5 5 6 READ 2147484416 128 47580
12336 3 3 7 READ 2147484544 128 51070
13947 3 3 2 READ 2147484928 128 54420
14022 4 4 29 READ 2147485312 128 54870
14066 2 2 8 READ 2147484672 128 57400
14091 3 3 4 READ 2147485184 128 57850
14167 5 5 1 READ 2147484800 128 58300
14508 5 5 3 READ 2147485056 128 61310
15021 5 5 6 READ 2147485440 128 64800
15659 3 3 7 READ 2147485568 128 69090
15857 3 3 2 READ 4026532096 128 72260
21614 7 7 1 READ 4026532224 128 77350
53378 0 0 0 WRITE 2147485728 128 100040
53513 0 0 8 WRITE 2147485792 128 100470
53652 6 6 0 WRITE 2147485696 128 100900
53700 7 7 0 WRITE 2147485696 128 101330
53761 7 7 8 WRITE 2147485760 128 101760
53852 8 8 0 WRITE 2147485696 128 102190
53911 8 8 8 WRITE 2147485760 128 102620
53969 6 6 8 WRITE 2147485760 128 103050
54145 0 0 0 READ 4026532360 128 103480
54196 11 11 0 WRITE 2147485728 128 103930
54220 5 5 0 WRITE 2147485696 128 104360
54225 11 11 8 WRITE 2147485792 128 104790
54272 0 0 16 WRITE 2147485856 128 105220
54248 5 5 8 WRITE 2147485760 128 105650
54428 7 7 16 WRITE 2147485824 128 106080
54404 10 10 0 WRITE 2147485728 128 106510
54494 6 6 16 WRITE 2147485824 128 106940
54457 10 10 8 WRITE 2147485792 128 107370
54575 5 5 16 WRITE 2147485824 128 107800
54714 12 12 0 WRITE 2147485728 128 108230
54753 9 9 0 WRITE 2147485728 128 108660
54728 12 12 8 WRITE 2147485792 128 109090
54782 9 9 8 WRITE 2147485760 128 109520
54882 13 13 0 WRITE 2147485728 128 109950
54909 14 14 0 WRITE 2147485728 128 110380
54975 9 9 16 WRITE 2147485824 128 110810
54979 13 13 8 WRITE 2147485792 128 111240
54923 14 14 8 WRITE 2147485792 128 111670
55082 10 10 16 WRITE 2147485824 128 112100
55141 14 14 16 WRITE 2147485856 128 112530
55223 8 8 16 WRITE 2147485824 128 112960
55267 11 11 16 WRITE 2147485856 128 113390
55199 13 13 16 WRITE 2147485856 128 113820
55471 12 12 16 WRITE 2147485856 128 114250
55818 5 5 24 WRITE 2147485888 128 114680
55906 7 7 24 WRITE 2147485888 128 115110
55926 8 8 24 WRITE 2147485888 128 115540
55935 6 6 24 WRITE 2147485888 128 115970
56010 11 11 24 WRITE 2147485888 128 116400
56088 12 12 24 WRITE 2147485920 128 116830
56201 13 13 24 WRITE 2147485920 128 117260
56331 14 14 24 WRITE 2147485920 128 117690
56145 0 0 24 WRITE 2147485920 128 118120
57598 1 1 0 WRITE 2147485696 128 118550
57559 2 2 0 WRITE 2147485696 128 118980
57358 3 3 8 WRITE 2147485760 128 119410
57418 4 4 0 WRITE 2147485696 128 119840
56151 9 9 24 WRITE 2147485888 128 120270
56220 10 10 24 WRITE 2147485888 128 120700
57602 1 1 8 WRITE 2147485728 128 121130
57571 2 2 8 WRITE 2147485760 128 121560
57379 3 3 0 WRITE 2147485696 128 121990
57423 4 4 8 WRITE 2147485760 128 122420
57888 11 11 0 WRITE 2147486528 128 122850
57920 0 0 0 WRITE 2147486560 128 123280
57798 1 1 16 WRITE 2147485792 128 123710
57576 2 2 16 WRITE 2147485792 128 124140
57400 3 3 16 WRITE 2147485824 128 124570
57622 4 4 16 WRITE 2147485824 128 125000
58055 5 5 0 WRITE 2147486496 128 125430
57962 6 6 0 WRITE 2147486496 128 125860
58025 7 7 0 WRITE 2147486496 128 126290
57995 8 8 0 WRITE 2147486496 128 126720
58177 9 9 0 WRITE 2147486528 128 127150
58087 10 10 0 WRITE 2147486528 128 127580
57895 11 11 8 WRITE 2147486656 128 128010
58119 12 12 0 WRITE 2147486528 128 128440
58206 13 13 0 WRITE 2147486560 128 128870
58152 14 14 0 WRITE 2147486560 128 129300
57926 0 0 8 WRITE 2147486688 128 129730
57523 3 3 24 WRITE 2147485856 128 130160
58060 5 5 8 WRITE 2147486592 128 130590
57968 6 6 8 WRITE 2147486624 128 131020
58032 7 7 8 WRITE 2147486624 128 131450
58001 8 8 8 WRITE 2147486624 128 131880
58181 9 9 8 WRITE 2147486624 128 132310
58092 10 10 8 WRITE 2147486656 128 132740
57913 11 11 16 WRITE 2147486784 128 133170
58125 12 12 8 WRITE 2147486656 128 133600
58210 13 13 8 WRITE 2147486656 128 134030
58157 14 14 8 WRITE 2147486688 128 134460
57944 0 0 16 WRITE 2147486816 128 134890
57953 1 1 24 WRITE 2147485856 128 135320
58123 2 2 24 WRITE 2147485856 128 135750
57739 4 4 24 WRITE 2147485888 128 136180
58077 5 5 16 WRITE 2147486720 128 136610
57984 6 6 16 WRITE 2147486720 128 137040
58046 7 7 16 WRITE 2147486752 128 137470
58018 8 8 16 WRITE 2147486752 128 137900
58194 9 9 16 WRITE 2147486752 128 138330
58107 10 10 16 WRITE 2147486752 128 138760
57918 11 11 24 WRITE 2147486880 128 139190
58141 12 12 16 WRITE 2147486784 128 139620
58218 13 13 16 WRITE 2147486784 128 140050
58169 14 14 16 WRITE 2147486784 128 140480
57951 0 0 24 WRITE 2147486912 128 140910
58267 1 1 32 WRITE 2147485920 128 141340
58254 2 2 32 WRITE 2147485920 128 141770
58198 3 3 32 WRITE 2147485920 128 142200
58233 4 4 32 WRITE 2147485920 128 142630
58081 5 5 24 WRITE 2147486848 128 143060
57989 6 6 24 WRITE 2147486848 128 143490
58051 7 7 24 WRITE 2147486848 128 143920
58022 8 8 24 WRITE 2147486880 128 144350
58200 9 9 24 WRITE 2147486880 128 144780
58112 10 10 24 WRITE 2147486880 128 145210
58146 12 12 24 WRITE 2147486912 128 145640
58221 13 13 24 WRITE 2147486912 128 146070
58173 14 14 24 WRITE 2147486912 128 146500
58327 1 1 0 WRITE 2147486464 128 146930
58343 2 2 0 WRITE 2147486464 128 147360
58411 3 3 8 WRITE 2147486592 128 147790
58373 4 4 0 WRITE 2147486464 128 148220
58329 1 1 8 WRITE 2147486560 128 148650
58346 2 2 8 WRITE 2147486592 128 149080
58413 3 3 0 WRITE 2147486464 128 149510
58375 4 4 8 WRITE 2147486592 128 149940
58336 1 1 16 WRITE 2147486688 128 150370
58353 2 2 16 WRITE 2147486688 128 150800
58417 3 3 16 WRITE 2147486720 128 151230
58379 4 4 16 WRITE 2147486720 128 151660
58339 1 1 24 WRITE 2147486816 128 152090
58356 2 2 24 WRITE 2147486816 128 152520
58419 3 3 24 WRITE 2147486816 128 152950
58381 4 4 24 WRITE 2147486848 128 153380
58351 1 1 32 WRITE 2147486944 128 153810
58361 2 2 32 WRITE 2147486944 128 154240
58424 3 3 32 WRITE 2147486944 128 154670
58386 4 4 32 WRITE 2147486944 128 155100
