1 0 0 1 READ 4026531840 256 170
1542 4 4 36 READ 0 256 3370
7917 3 3 0 WRITE 2147485952 256 9120
8002 4 4 0 WRITE 2147485952 256 9550
8176 1 1 0 WRITE 2147485952 256 9980
8353 2 2 0 WRITE 2147485952 256 10410
8529 0 0 8 WRITE 2147486176 256 10840
8632 5 5 8 WRITE 2147486080 256 11270
8745 3 3 8 WRITE 2147486080 256 11700
8858 4 4 8 WRITE 2147486080 256 12130
8907 6 6 8 WRITE 2147486112 256 12560
8993 7 7 8 WRITE 2147486112 256 12990
9085 8 8 8 WRITE 2147486112 256 13420
9179 9 9 8 WRITE 2147486112 256 13850
9268 10 10 8 WRITE 2147486144 256 14280
9353 11 11 8 WRITE 2147486144 256 14710
9439 12 12 8 WRITE 2147486144 256 15150
9523 13 13 8 WRITE 2147486144 256 15580
9610 14 14 8 WRITE 2147486176 256 16010
9399 0 0 0 WRITE 2147486048 256 16440
9483 1 1 8 WRITE 2147486048 256 16870
9213 2 2 8 WRITE 2147486080 256 17300
10239 3 3 16 WRITE 2147486208 256 17730
10337 4 4 16 WRITE 2147486208 256 18160
9490 5 5 0 WRITE 2147485984 256 18590
9740 6 6 0 WRITE 2147485984 256 19020
9815 7 7 0 WRITE 2147485984 256 19450
9887 8 8 0 WRITE 2147485984 256 19880
9960 9 9 0 WRITE 2147486016 256 20310
10033 10 10 0 WRITE 2147486016 256 20740
10103 11 11 0 WRITE 2147486016 256 21170
10168 12 12 0 WRITE 2147486016 256 21600
10232 13 13 0 WRITE 2147486048 256 22030
10298 14 14 0 WRITE 2147486048 256 22460
9896 0 0 16 WRITE 2147486304 256 22890
10447 1 1 16 WRITE 2147486176 256 23320
10544 2 2 16 WRITE 2147486176 256 23750
10597 3 3 24 WRITE 2147486304 256 24180
10667 4 4 24 WRITE 2147486336 256 24610
9975 5 5 16 WRITE 2147486208 256 25040
10178 6 6 16 WRITE 2147486208 256 25470
10244 7 7 16 WRITE 2147486240 256 25900
10309 8 8 16 WRITE 2147486240 256 26330
10371 9 9 16 WRITE 2147486240 256 26760
10427 10 10 16 WRITE 2147486240 256 27190
10483 11 11 16 WRITE 2147486272 256 27620
10539 12 12 16 WRITE 2147486272 256 28050
10592 13 13 16 WRITE 2147486272 256 28480
10640 14 14 16 WRITE 2147486272 256 28910
10515 0 0 24 WRITE 2147486400 256 29340
10860 1 1 24 WRITE 2147486304 256 29770
10798 2 2 24 WRITE 2147486304 256 30200
10890 3 3 32 WRITE 2147486432 256 30630
10918 4 4 32 WRITE 2147486432 256 31060
10573 5 5 24 WRITE 2147486336 256 31490
10709 6 6 24 WRITE 2147486336 256 31920
10746 7 7 24 WRITE 2147486336 256 32350
10779 8 8 24 WRITE 2147486368 256 32780
10809 9 9 24 WRITE 2147486368 256 33210
10834 10 10 24 WRITE 2147486368 256 33640
10855 11 11 24 WRITE 2147486368 256 34070
10874 12 12 24 WRITE 2147486400 256 34500
10893 13 13 24 WRITE 2147486400 256 34930
10910 14 14 24 WRITE 2147486400 256 35360
11507 0 0 2 READ 2147483904 256 35790
10956 1 1 32 WRITE 2147486432 256 36260
10978 2 2 32 WRITE 2147486432 256 36690
11427 3 3 39 READ 2147484544 256 37120
11977 4 4 32 READ 2147483648 256 37590
11708 1 1 29 READ 2147484288 256 40620
13755 0 0 2 READ 2147484928 256 50690
14021 13 13 1 READ 2147484800 256 53720
13920 3 3 15 READ 2147485568 256 54190
14568 0 0 4 READ 2147485184 256 59300
15755 0 0 2 READ 4026532096 256 67290
52610 6 6 8 WRITE 2147485760 256 94960
52625 5 5 0 WRITE 2147485696 256 95390
52671 6 6 0 WRITE 2147485696 256 95820
52705 9 9 0 WRITE 2147485728 256 96250
52762 5 5 8 WRITE 2147485760 256 96680
52767 9 9 8 WRITE 2147485760 256 97110
52803 0 0 8 WRITE 2147485792 256 97540
52899 8 8 0 WRITE 2147485696 256 97970
52819 0 0 0 WRITE 2147485728 256 98400
52974 7 7 0 WRITE 2147485696 256 98830
53036 8 8 8 WRITE 2147485760 256 99260
52990 7 7 8 WRITE 2147485760 256 99690
53066 8 8 16 WRITE 2147485824 256 100120
53177 5 5 16 WRITE 2147485824 256 100550
53280 6 6 8 READ 4026532360 256 100980
53297 10 10 0 WRITE 2147485728 256 101450
53285 13 13 0 WRITE 2147485728 256 101880
53273 0 0 16 WRITE 2147485856 256 102310
53378 7 7 16 WRITE 2147485824 256 102740
53312 10 10 8 WRITE 2147485792 256 103170
53395 11 11 0 WRITE 2147485728 256 103600
53316 13 13 8 WRITE 2147485792 256 104030
53591 14 14 0 WRITE 2147485728 256 104460
53560 6 6 16 WRITE 2147485824 256 104890
53687 10 10 16 WRITE 2147485824 256 105320
53524 11 11 8 WRITE 2147485792 256 105750
53675 12 12 8 WRITE 2147485792 256 106180
53606 14 14 8 WRITE 2147485792 256 106610
53890 11 11 16 WRITE 2147485856 256 107040
53776 12 12 0 WRITE 2147485728 256 107470
54089 9 9 16 WRITE 2147485824 256 107900
53918 12 12 16 WRITE 2147485856 256 108330
54292 13 13 16 WRITE 2147485856 256 108760
54314 14 14 16 WRITE 2147485856 256 109190
54441 5 5 24 WRITE 2147485888 256 109620
54597 6 6 24 WRITE 2147485888 256 110050
54637 0 0 24 WRITE 2147485920 256 110480
54693 7 7 24 WRITE 2147485888 256 110910
54695 9 9 24 WRITE 2147485888 256 111340
54858 10 10 24 WRITE 2147485888 256 111770
54814 11 11 24 WRITE 2147485888 256 112200
54705 12 12 24 WRITE 2147485920 256 112630
54883 13 13 24 WRITE 2147485920 256 113060
54869 14 14 24 WRITE 2147485920 256 113490
56484 1 1 0 WRITE 2147485696 256 113920
56315 2 2 0 WRITE 2147485696 256 114350
56249 3 3 0 WRITE 2147485696 256 114780
56259 4 4 16 WRITE 2147485824 256 115210
54812 8 8 24 WRITE 2147485888 256 115640
56526 1 1 8 WRITE 2147485728 256 116070
56346 2 2 8 WRITE 2147485760 256 116500
56263 3 3 8 WRITE 2147485760 256 116930
56322 4 4 0 WRITE 2147485696 256 117360
56868 5 5 0 WRITE 2147486496 256 117790
56889 6 6 8 WRITE 2147486624 256 118220
56910 8 8 0 WRITE 2147486496 256 118650
56929 9 9 0 WRITE 2147486528 256 119080
56948 0 0 0 WRITE 2147486560 256 119510
56583 1 1 16 WRITE 2147485792 256 119940
56354 2 2 16 WRITE 2147485792 256 120370
56383 3 3 16 WRITE 2147485824 256 120800
56335 4 4 8 WRITE 2147485760 256 121230
56871 5 5 8 WRITE 2147486592 256 121660
56892 6 6 0 WRITE 2147486496 256 122090
56969 7 7 0 WRITE 2147486496 256 122520
56913 8 8 8 WRITE 2147486624 256 122950
56933 9 9 8 WRITE 2147486624 256 123380
57008 10 10 0 WRITE 2147486528 256 123810
57029 11 11 0 WRITE 2147486528 256 124240
57045 12 12 8 WRITE 2147486656 256 124670
56990 13 13 0 WRITE 2147486560 256 125100
57062 14 14 0 WRITE 2147486560 256 125530
56952 0 0 8 WRITE 2147486688 256 125960
56635 1 1 24 WRITE 2147485856 256 126390
56881 5 5 16 WRITE 2147486720 256 126820
56901 6 6 16 WRITE 2147486720 256 127250
56972 7 7 8 WRITE 2147486624 256 127680
56922 8 8 16 WRITE 2147486752 256 128110
56943 9 9 16 WRITE 2147486752 256 128540
57012 10 10 8 WRITE 2147486656 256 128970
57031 11 11 8 WRITE 2147486656 256 129400
57048 12 12 0 WRITE 2147486528 256 129830
56994 13 13 8 WRITE 2147486656 256 130260
57064 14 14 8 WRITE 2147486688 256 130690
56962 0 0 16 WRITE 2147486816 256 131120
56751 2 2 24 WRITE 2147485856 256 131550
56519 3 3 24 WRITE 2147485856 256 131980
56688 4 4 24 WRITE 2147485888 256 132410
56884 5 5 24 WRITE 2147486848 256 132840
56904 6 6 24 WRITE 2147486848 256 133270
56982 7 7 16 WRITE 2147486752 256 133700
56925 8 8 24 WRITE 2147486880 256 134130
56946 9 9 24 WRITE 2147486880 256 134560
57022 10 10 16 WRITE 2147486752 256 134990
57038 11 11 16 WRITE 2147486784 256 135420
57055 12 12 16 WRITE 2147486784 256 135850
57003 13 13 16 WRITE 2147486784 256 136280
57068 14 14 16 WRITE 2147486784 256 136710
56965 0 0 24 WRITE 2147486912 256 137140
56800 1 1 32 WRITE 2147485920 256 137570
56821 2 2 32 WRITE 2147485920 256 138000
56786 3 3 32 WRITE 2147485920 256 138430
56819 4 4 32 WRITE 2147485920 256 138860
56985 7 7 24 WRITE 2147486848 256 139290
57025 10 10 24 WRITE 2147486880 256 139720
57041 11 11 24 WRITE 2147486880 256 140150
57058 12 12 24 WRITE 2147486912 256 140580
57006 13 13 24 WRITE 2147486912 256 141010
57070 14 14 24 WRITE 2147486912 256 141440
57201 1 1 0 WRITE 2147486464 256 141870
57125 2 2 0 WRITE 2147486464 256 142300
57141 3 3 0 WRITE 2147486464 256 142730
57162 4 4 16 WRITE 2147486720 256 143160
57203 1 1 8 WRITE 2147486560 256 143590
57127 2 2 8 WRITE 2147486592 256 144020
57144 3 3 8 WRITE 2147486592 256 144450
57167 4 4 0 WRITE 2147486464 256 144880
57207 1 1 16 WRITE 2147486688 256 145310
57134 2 2 16 WRITE 2147486688 256 145740
57154 3 3 16 WRITE 2147486720 256 146170
57169 4 4 8 WRITE 2147486592 256 146600
57209 1 1 24 WRITE 2147486816 256 147030
57137 2 2 24 WRITE 2147486816 256 147460
57158 3 3 24 WRITE 2147486816 256 147890
57175 4 4 24 WRITE 2147486848 256 148320
57214 1 1 32 WRITE 2147486944 256 148750
57152 2 2 32 WRITE 2147486944 256 149180
57171 3 3 32 WRITE 2147486944 256 149610
57177 4 4 32 WRITE 2147486944 256 150040
