1 0 0 1 READ 4026531840 256 170
1372 4 4 1 READ 0 256 4170
7597 1 1 2 READ 256 256 11200
7925 1 1 1 READ 4026532096 256 11670
85282 4 4 0 READ 512 256 64460
157643 12 12 0 READ 768 256 115970
230238 5 5 0 READ 1024 256 167640
302826 8 8 0 READ 1280 256 219150
375387 7 7 0 READ 1536 256 270820
447396 7 7 0 READ 1792 256 321850
519605 9 9 0 READ 2048 256 373360
592211 8 8 0 READ 2304 256 425030
664694 8 8 0 READ 2560 256 476370
736883 6 6 0 READ 2816 256 527880
809570 13 13 0 READ 3072 256 579550
882448 6 6 0 READ 3328 256 631380
921519 14 14 0 READ 4026532352 256 659210
925657 8 8 0 READ 2147485568 256 662400
925669 8 8 0 READ 2147484544 256 662870
925981 4 4 0 READ 2147485056 256 663340
925998 4 4 0 READ 2147484032 256 663810
926196 2 2 0 READ 2147484800 256 664280
926210 2 2 0 READ 2147483776 256 664750
926336 5 5 0 READ 2147485184 256 665220
926357 5 5 0 READ 2147484160 256 665690
926468 7 7 0 READ 2147485440 256 666160
926484 7 7 0 READ 2147484416 256 666630
926576 3 3 0 READ 2147484928 256 667100
926593 3 3 0 READ 2147483904 256 667570
926960 6 6 0 READ 2147485312 256 668040
926979 6 6 0 READ 2147484288 256 668510
927204 1 1 0 READ 2147484672 256 668980
927222 1 1 0 READ 2147483648 256 669450
928375 8 8 1 READ 2147487616 256 669920
928394 8 8 1 READ 2147486592 256 670390
929871 6 6 1 READ 2147487360 256 670860
929883 6 6 1 READ 2147486336 256 671330
931042 2 2 1 READ 2147486848 256 671800
931054 2 2 1 READ 2147485824 256 672270
931829 3 3 1 READ 2147486976 256 672740
931842 3 3 1 READ 2147485952 256 673210
935850 5 5 1 READ 2147487232 256 673680
935868 5 5 1 READ 2147486208 256 674150
925774 8 8 8 READ 2147518080 256 674630
925787 8 8 8 READ 2147517056 256 675100
925969 10 10 8 READ 2147518336 256 675570
925988 10 10 8 READ 2147517312 256 676040
926089 4 4 8 READ 2147517568 256 676510
926109 4 4 8 READ 2147516544 256 676980
926518 5 5 8 READ 2147517696 256 677450
926536 5 5 8 READ 2147516672 256 677920
926613 7 7 8 READ 2147517952 256 678390
926633 7 7 8 READ 2147516928 256 678860
926732 3 3 8 READ 2147517440 256 679330
926753 3 3 8 READ 2147516416 256 679800
927112 6 6 8 READ 2147517824 256 680270
927133 6 6 8 READ 2147516800 256 680740
925684 8 8 2 READ 2147489664 256 681220
925699 8 8 2 READ 2147488640 256 681690
926016 4 4 2 READ 2147489152 256 682160
926032 4 4 2 READ 2147488128 256 682630
926232 2 2 2 READ 2147488896 256 683100
926251 2 2 2 READ 2147487872 256 683570
926432 5 5 2 READ 2147489280 256 684040
926502 7 7 2 READ 2147489536 256 684510
926447 5 5 2 READ 2147488256 256 684980
926522 7 7 2 READ 2147488512 256 685450
926607 3 3 2 READ 2147489024 256 685920
926626 3 3 2 READ 2147488000 256 686390
926992 6 6 2 READ 2147489408 256 686860
927008 6 6 2 READ 2147488384 256 687330
927087 1 1 2 READ 2147488768 256 687800
927105 1 1 2 READ 2147487744 256 688270
961898 4 4 3 READ 2147491200 256 688740
961915 4 4 3 READ 2147490176 256 689210
964082 2 2 3 READ 2147490944 256 689680
964098 2 2 3 READ 2147489920 256 690150
965143 5 5 3 READ 2147491328 256 690620
965165 5 5 3 READ 2147490304 256 691090
925799 8 8 10 READ 2147522176 256 691570
925816 8 8 10 READ 2147521152 256 692040
926006 10 10 10 READ 2147522432 256 692510
926025 10 10 10 READ 2147521408 256 692980
926127 4 4 10 READ 2147521664 256 693450
926146 4 4 10 READ 2147520640 256 693920
926557 5 5 10 READ 2147521792 256 694390
926579 5 5 10 READ 2147520768 256 694860
926654 7 7 10 READ 2147522048 256 695330
926676 7 7 10 READ 2147521024 256 695800
926771 3 3 10 READ 2147521536 256 696270
926791 3 3 10 READ 2147520512 256 696740
927150 6 6 10 READ 2147521920 256 697210
927168 6 6 10 READ 2147520896 256 697680
925765 14 14 0 READ 2147493504 256 698160
925780 14 14 0 READ 2147492480 256 698630
925819 10 10 0 READ 2147492992 256 699100
925833 10 10 0 READ 2147491968 256 699570
926122 0 0 0 READ 2147493632 256 700040
926143 0 0 0 READ 2147492608 256 700510
926724 13 13 0 READ 2147493376 256 700980
926745 13 13 0 READ 2147492352 256 701450
926781 12 12 0 READ 2147493248 256 701920
926803 12 12 0 READ 2147492224 256 702390
927162 1 1 4 READ 2147493760 256 702860
927182 1 1 4 READ 2147492736 256 703330
927017 13 13 1 READ 2147495424 256 703800
927034 13 13 1 READ 2147494400 256 704270
930006 10 10 1 READ 2147495040 256 704740
930022 10 10 1 READ 2147494016 256 705210
936172 0 0 1 READ 2147495680 256 705680
936185 0 0 1 READ 2147494656 256 706360
938729 12 12 1 READ 2147495296 256 706830
938745 12 12 1 READ 2147494272 256 707300
949887 14 14 1 READ 2147495552 256 707770
949903 14 14 1 READ 2147494528 256 708240
925883 14 14 8 READ 2147526016 256 708720
925899 14 14 8 READ 2147524992 256 709190
926264 0 0 8 READ 2147526144 256 709660
926287 0 0 8 READ 2147525120 256 710130
926444 2 2 12 READ 2147526400 256 710600
926463 2 2 12 READ 2147525376 256 711070
926902 13 13 8 READ 2147525888 256 711540
926918 13 13 8 READ 2147524864 256 712010
927016 12 12 8 READ 2147525760 256 712480
927032 12 12 8 READ 2147524736 256 712950
927345 1 1 12 READ 2147526272 256 713420
927364 1 1 12 READ 2147525248 256 713890
925791 14 14 2 READ 2147497600 256 714370
925806 14 14 2 READ 2147496576 256 714840
925846 10 10 2 READ 2147497088 256 715310
925860 10 10 2 READ 2147496064 256 715780
926155 0 0 2 READ 2147497728 256 716250
926174 0 0 2 READ 2147496704 256 716720
926765 13 13 2 READ 2147497472 256 717190
926783 13 13 2 READ 2147496448 256 717660
926841 12 12 2 READ 2147497344 256 718130
926859 12 12 2 READ 2147496320 256 718600
927237 1 1 6 READ 2147497856 256 719070
927255 1 1 6 READ 2147496832 256 719540
969407 13 13 3 READ 2147499520 256 720010
969420 13 13 3 READ 2147498496 256 720480
969552 12 12 3 READ 2147499392 256 720950
969571 12 12 3 READ 2147498368 256 721420
976915 0 0 3 READ 2147499776 256 721890
976932 0 0 3 READ 2147498752 256 722360
978155 10 10 3 READ 2147499136 256 722830
978170 10 10 3 READ 2147498112 256 723310
981047 11 11 3 READ 2147499264 256 723780
981061 11 11 3 READ 2147498240 256 724250
982607 14 14 3 READ 2147499648 256 724720
982621 14 14 3 READ 2147498624 256 725190
983396 9 9 3 READ 2147499008 256 725660
983411 9 9 3 READ 2147497984 256 726130
925913 14 14 10 READ 2147530112 256 726610
925928 14 14 10 READ 2147529088 256 727080
926311 0 0 10 READ 2147530240 256 727550
926330 0 0 10 READ 2147529216 256 728020
926948 12 12 10 READ 2147529856 256 728490
926932 13 13 10 READ 2147529984 256 728960
926970 12 12 10 READ 2147528832 256 729430
926950 13 13 10 READ 2147528960 256 729900
953081 2 2 14 READ 2147530496 256 730370
953094 2 2 14 READ 2147529472 256 730840
969245 1 1 14 READ 2147530368 256 731310
969262 1 1 14 READ 2147529344 256 731780
925714 8 8 4 READ 2147501824 256 732250
925726 8 8 4 READ 2147500800 256 732720
926054 4 4 4 READ 2147501312 256 733190
926070 4 4 4 READ 2147500288 256 733660
926267 2 2 4 READ 2147501056 256 734130
926290 2 2 4 READ 2147500032 256 734600
926539 7 7 4 READ 2147501696 256 735070
926560 7 7 4 READ 2147500672 256 735540
1013896 2 2 5 READ 2147503104 256 736010
1013911 2 2 5 READ 2147502080 256 736480
1014731 8 8 5 READ 2147503872 256 736950
1014745 8 8 5 READ 2147502848 256 737420
1017868 5 5 5 READ 2147503488 256 737890
1017883 5 5 5 READ 2147502464 256 738360
1020892 7 7 5 READ 2147503744 256 738830
1020909 7 7 5 READ 2147502720 256 739300
1034033 9 9 5 READ 2147504000 256 739770
1034046 9 9 5 READ 2147502976 256 740240
926160 4 4 12 READ 2147533824 256 740720
926180 4 4 12 READ 2147532800 256 741190
926695 7 7 12 READ 2147534208 256 741660
926716 7 7 12 READ 2147533184 256 742130
927230 10 10 12 READ 2147534592 256 742600
927248 10 10 12 READ 2147533568 256 743070
927645 8 8 12 READ 2147534336 256 743540
927663 8 8 12 READ 2147533312 256 744010
929674 6 6 12 READ 2147534080 256 744480
929698 6 6 12 READ 2147533056 256 744950
925740 8 8 6 READ 2147505920 256 745430
925758 8 8 6 READ 2147504896 256 745900
926314 2 2 6 READ 2147505152 256 746370
926331 2 2 6 READ 2147504128 256 746840
926213 4 4 6 READ 2147505408 256 747310
926235 4 4 6 READ 2147504384 256 747780
926582 7 7 6 READ 2147505792 256 748250
926648 3 3 6 READ 2147505280 256 748720
926599 7 7 6 READ 2147504768 256 749190
926670 3 3 6 READ 2147504256 256 749660
948908 7 7 14 READ 2147538304 256 750140
948925 7 7 14 READ 2147537280 256 750610
957365 11 11 14 READ 2147538816 256 751080
957382 11 11 14 READ 2147537792 256 751550
959308 5 5 14 READ 2147538048 256 752020
959320 5 5 14 READ 2147537024 256 752490
964705 8 8 14 READ 2147538432 256 752960
964719 8 8 14 READ 2147537408 256 753430
925823 14 14 4 READ 2147509760 256 753910
925836 14 14 4 READ 2147508736 256 754380
925939 10 10 4 READ 2147509248 256 754850
925955 10 10 4 READ 2147508224 256 755320
926352 2 2 8 READ 2147510144 256 755790
926374 2 2 8 READ 2147509120 256 756260
926805 13 13 4 READ 2147509632 256 756730
926825 13 13 4 READ 2147508608 256 757200
927098 11 11 4 READ 2147509376 256 757670
927119 11 11 4 READ 2147508352 256 758140
927275 1 1 8 READ 2147510016 256 758610
927288 1 1 8 READ 2147508992 256 759080
1015240 12 12 5 READ 2147511552 256 759550
1015252 12 12 5 READ 2147510528 256 760020
1020870 14 14 5 READ 2147511808 256 760490
1020884 14 14 5 READ 2147510784 256 760960
1038500 11 11 5 READ 2147511424 256 761430
1038519 11 11 5 READ 2147510400 256 761900
925943 14 14 12 READ 2147542272 256 762380
925960 14 14 12 READ 2147541248 256 762850
926972 13 13 12 READ 2147542144 256 763320
926984 13 13 12 READ 2147541120 256 763790
1009402 4 4 16 READ 2147542912 256 764260
1009411 4 4 16 READ 2147541888 256 764730
1016789 1 1 16 READ 2147542528 256 765200
1016802 1 1 16 READ 2147541504 256 765670
925878 10 10 6 READ 2147513344 256 766150
925850 14 14 6 READ 2147513856 256 766620
925893 10 10 6 READ 2147512320 256 767090
925865 14 14 6 READ 2147512832 256 767560
926393 2 2 10 READ 2147514240 256 768030
926413 2 2 10 READ 2147513216 256 768490
926843 13 13 6 READ 2147513728 256 768960
926861 13 13 6 READ 2147512704 256 769430
927138 11 11 6 READ 2147513472 256 769900
927154 11 11 6 READ 2147512448 256 770370
927307 1 1 10 READ 2147514112 256 770840
927326 1 1 10 READ 2147513088 256 771310
954685 13 13 14 READ 2147546240 256 771790
954697 13 13 14 READ 2147545216 256 772260
959273 14 14 14 READ 2147546368 256 772730
959288 14 14 14 READ 2147545344 256 773200
1068226 1 1 18 READ 2147546624 256 773670
1068246 1 1 18 READ 2147545600 256 774140
1071188 4 4 18 READ 2147547008 256 774610
1071203 4 4 18 READ 2147545984 256 775080
995367 5 5 16 READ 2147550208 256 775560
995388 5 5 16 READ 2147549184 256 776030
1002663 10 10 16 READ 2147550848 256 776500
1002685 10 10 16 READ 2147549824 256 776960
1004703 7 7 16 READ 2147550464 256 777430
1004718 7 7 16 READ 2147549440 256 777900
1014836 12 12 16 READ 2147551104 256 778370
1014848 12 12 16 READ 2147550080 256 778840
1016767 6 6 16 READ 2147550336 256 779310
1016780 6 6 16 READ 2147549312 256 779780
969836 7 7 3 READ 2147491584 256 780270
969850 7 7 3 READ 2147490560 256 780740
981366 3 3 3 READ 2147491072 256 781210
981380 3 3 3 READ 2147490048 256 781680
985415 1 1 3 READ 2147490816 256 782150
985427 1 1 3 READ 2147489792 256 782620
1055974 5 5 18 READ 2147554304 256 783090
1055989 5 5 18 READ 2147553280 256 783560
1059779 10 10 18 READ 2147554944 256 784030
1059792 10 10 18 READ 2147553920 256 784500
1065090 12 12 18 READ 2147555200 256 784970
1065099 12 12 18 READ 2147554176 256 785440
1070555 7 7 18 READ 2147554560 256 785910
1070571 7 7 18 READ 2147553536 256 786380
1079479 6 6 18 READ 2147554432 256 786850
1079493 6 6 18 READ 2147553408 256 787320
1001929 14 14 16 READ 2147558528 256 787810
1001947 14 14 16 READ 2147557504 256 788280
1015792 0 0 16 READ 2147558656 256 788750
1015806 0 0 16 READ 2147557632 256 789210
1027050 1 1 5 READ 2147495808 256 789680
1027067 1 1 5 READ 2147494784 256 790150
1057696 14 14 18 READ 2147562624 256 790640
1057703 14 14 18 READ 2147561600 256 791110
1080422 0 0 18 READ 2147562752 256 791580
1080435 0 0 18 READ 2147561728 256 792050
1083457 1 1 7 READ 2147499904 256 792520
1083472 1 1 7 READ 2147498880 256 792990
1038595 3 3 5 READ 2147503232 256 793480
1038609 3 3 5 READ 2147502208 256 793950
1043896 4 4 5 READ 2147503360 256 794420
1043912 4 4 5 READ 2147502336 256 794890
1083734 5 5 7 READ 2147507584 256 795380
1083746 5 5 7 READ 2147506560 256 795850
1087750 2 2 7 READ 2147507200 256 796320
1087764 2 2 7 READ 2147506176 256 796790
1091197 9 9 7 READ 2147508096 256 797260
1091210 9 9 7 READ 2147507072 256 797730
1091912 7 7 7 READ 2147507840 256 798200
1091924 7 7 7 READ 2147506816 256 798670
1100251 4 4 7 READ 2147507456 256 799140
1100262 4 4 7 READ 2147506432 256 799610
1102599 3 3 7 READ 2147507328 256 800080
1102613 3 3 7 READ 2147506304 256 800550
1086864 0 0 7 READ 2147516032 256 801060
1086884 0 0 7 READ 2147515008 256 801530
1098534 10 10 7 READ 2147515392 256 802000
1098548 10 10 7 READ 2147514368 256 802470
1103096 13 13 7 READ 2147515776 256 802940
1103111 13 13 7 READ 2147514752 256 803410
1117877 14 14 7 READ 2147515904 256 803880
1117893 14 14 7 READ 2147514880 256 804350
1120762 5 5 20 READ 2147559296 256 804880
1120779 5 5 20 READ 2147558272 256 805350
1124489 7 7 20 READ 2147566720 256 805860
1124502 7 7 20 READ 2147565696 256 806330
1135091 10 10 20 READ 2147567104 256 807920
1135105 10 10 20 READ 2147566080 256 808390
1136435 9 9 20 READ 2147566976 256 808860
1136451 9 9 20 READ 2147565952 256 809330
1142057 14 14 20 READ 2147574784 256 812720
1142074 14 14 20 READ 2147573760 256 813190
1143322 3 3 20 READ 2147559040 256 813740
1143335 3 3 20 READ 2147558016 256 814210
1143463 4 4 20 READ 2147559168 256 814680
1143481 4 4 20 READ 2147558144 256 815150
1147974 12 12 20 READ 2147567360 256 816940
1147987 12 12 20 READ 2147566336 256 817410
1149423 12 12 9 READ 2147527808 256 818010
1149436 12 12 9 READ 2147526784 256 818480
1154151 6 6 20 READ 2147566592 256 821220
1154167 6 6 20 READ 2147565568 256 821690
1157944 7 7 9 READ 2147520000 256 823850
1157956 7 7 9 READ 2147518976 256 824320
1163373 2 2 9 READ 2147512192 256 827780
1163389 2 2 9 READ 2147511168 256 828250
1163799 6 6 9 READ 2147519872 256 828770
1163813 6 6 9 READ 2147518848 256 829240
1174169 0 0 9 READ 2147528192 256 835350
1174179 0 0 9 READ 2147527168 256 835820
1174966 3 3 9 READ 2147519488 256 836410
1174977 3 3 9 READ 2147518464 256 836880
1176048 13 13 9 READ 2147527936 256 837390
1176057 13 13 9 READ 2147526912 256 837860
1183347 10 10 9 READ 2147520384 256 841970
1183360 10 10 9 READ 2147519360 256 842440
1186374 8 8 9 READ 2147520128 256 844030
1186390 8 8 9 READ 2147519104 256 844500
1194253 9 9 22 READ 2147571072 256 849540
1194265 9 9 22 READ 2147570048 256 850010
1196515 5 5 22 READ 2147563392 256 851240
1196528 5 5 22 READ 2147562368 256 851710
1201157 4 4 9 READ 2147519616 256 854530
1201170 4 4 9 READ 2147518592 256 855000
1205754 3 3 22 READ 2147563136 256 857760
1205768 3 3 22 READ 2147562112 256 858230
1205640 10 10 22 READ 2147571200 256 858740
1205654 10 10 22 READ 2147570176 256 859210
1213138 12 12 22 READ 2147571456 256 863040
1213153 12 12 22 READ 2147570432 256 863510
1215140 14 14 22 READ 2147578880 256 864500
1215155 14 14 22 READ 2147577856 256 864960
1216446 1 1 22 READ 2147562880 256 865510
1216456 1 1 22 READ 2147561856 256 865980
1217023 6 6 22 READ 2147570688 256 866490
1217040 6 6 22 READ 2147569664 256 866960
1220811 11 11 22 READ 2147571328 256 868550
1220828 11 11 22 READ 2147570304 256 869020
1221209 7 7 22 READ 2147570816 256 869490
1221224 7 7 22 READ 2147569792 256 869960
1222764 2 2 22 READ 2147563008 256 870550
1231154 13 13 11 READ 2147532032 256 875830
1231171 13 13 11 READ 2147531008 256 876300
1231701 9 9 11 READ 2147524352 256 876890
1231722 9 9 11 READ 2147523328 256 877360
1237708 8 8 11 READ 2147524224 256 880390
1237721 8 8 11 READ 2147523200 256 880860
1238996 5 5 11 READ 2147523840 256 881330
1239012 5 5 11 READ 2147522816 256 881800
1242126 3 3 11 READ 2147523584 256 883390
1242140 3 3 11 READ 2147522560 256 883860
1242204 2 2 11 READ 2147516288 256 884440
1242214 2 2 11 READ 2147515264 256 884910
1246306 7 7 11 READ 2147524096 256 886230
1246321 7 7 11 READ 2147523072 256 886700
1247888 0 0 11 READ 2147532288 256 887370
1247903 0 0 11 READ 2147531264 256 887840
1255295 12 12 11 READ 2147531904 256 892310
1255312 12 12 11 READ 2147530880 256 892780
1261060 14 14 11 READ 2147532160 256 896440
1261072 14 14 11 READ 2147531136 256 896910
1268696 12 12 24 READ 2147583616 256 901640
1268714 12 12 24 READ 2147582592 256 902110
1273840 1 1 24 READ 2147575040 256 905090
1273853 1 1 24 READ 2147574016 256 905560
1278135 7 7 24 READ 2147582976 256 908160
1278154 7 7 24 READ 2147581952 256 908630
1278423 9 9 24 READ 2147583232 256 909100
1278439 9 9 24 READ 2147582208 256 909570
1280085 0 0 24 READ 2147591168 256 910080
1280097 0 0 24 READ 2147590144 256 910550
1281992 3 3 13 READ 2147528576 256 911020
1282011 3 3 13 READ 2147527552 256 911490
1281573 5 5 13 READ 2147536000 256 912000
1281589 5 5 13 READ 2147534976 256 912470
1284780 6 6 13 READ 2147536128 256 912940
1284793 6 6 13 READ 2147535104 256 913410
1285406 9 9 13 READ 2147536512 256 913880
1285420 9 9 13 READ 2147535488 256 914350
1282628 5 5 24 READ 2147575552 256 914850
1282640 5 5 24 READ 2147574528 256 915320
1283811 11 11 24 READ 2147583488 256 915840
1283823 11 11 24 READ 2147582464 256 916310
1286041 10 10 24 READ 2147583360 256 916780
1286060 10 10 24 READ 2147582336 256 917240
1290623 13 13 24 READ 2147583744 256 917710
1290638 13 13 24 READ 2147582720 256 918180
1286357 1 1 13 READ 2147528320 256 918690
1286376 1 1 13 READ 2147527296 256 919160
1288947 11 11 13 READ 2147536768 256 919670
1288962 11 11 13 READ 2147535744 256 920140
1289206 8 8 13 READ 2147536384 256 920610
1289220 8 8 13 READ 2147535360 256 921080
1291710 4 4 13 READ 2147535872 256 921550
1291725 4 4 13 READ 2147534848 256 922020
1294036 10 10 13 READ 2147536640 256 922490
1294048 10 10 13 READ 2147535616 256 922960
1289916 4 4 24 READ 2147575424 256 923460
1289929 4 4 24 READ 2147574400 256 923930
1298791 2 2 24 READ 2147575168 256 924400
1298805 2 2 24 READ 2147574144 256 924870
1289773 13 13 13 READ 2147544192 256 925350
1289787 13 13 13 READ 2147543168 256 925820
1292051 14 14 13 READ 2147544320 256 926290
1292068 14 14 13 READ 2147543296 256 926760
1304546 14 14 15 READ 2147548416 256 927250
1304565 14 14 15 READ 2147547392 256 927720
1301578 1 1 15 READ 2147532416 256 928270
1301592 1 1 15 READ 2147531392 256 928740
1307985 3 3 15 READ 2147532672 256 929210
1307999 3 3 15 READ 2147531648 256 929680
1305954 8 8 15 READ 2147540480 256 930190
1305968 8 8 15 READ 2147539456 256 930660
1306046 7 7 15 READ 2147540352 256 931130
1306056 7 7 15 READ 2147539328 256 931600
1312452 11 11 15 READ 2147540864 256 932230
1312474 11 11 15 READ 2147539840 256 932710
1312972 5 5 15 READ 2147540096 256 933180
1312987 5 5 15 READ 2147539072 256 933650
1312550 12 12 15 READ 2147548160 256 934160
1312564 12 12 15 READ 2147547136 256 934630
1324991 3 3 17 READ 2147544832 256 940520
1325002 3 3 17 READ 2147543808 256 940990
1332754 1 1 17 READ 2147544576 256 945940
1332768 1 1 17 READ 2147543552 256 946410
1335162 7 7 17 READ 2147552512 256 947550
1335181 7 7 17 READ 2147551488 256 948020
1336040 14 14 17 READ 2147560576 256 948530
1336056 14 14 17 READ 2147559552 256 949000
1341224 9 9 17 READ 2147552768 256 951830
1341240 9 9 17 READ 2147551744 256 952300
1343514 12 12 17 READ 2147553152 256 953410
1343529 12 12 17 READ 2147552128 256 953880
1344227 8 8 17 READ 2147552640 256 954350
1344241 8 8 17 READ 2147551616 256 954820
1351933 10 10 17 READ 2147552896 256 959290
1351946 10 10 17 READ 2147551872 256 959760
1355743 11 11 17 READ 2147553024 256 961990
1355760 11 11 17 READ 2147552000 256 962460
1358164 6 6 17 READ 2147552384 256 963890
1358175 6 6 17 READ 2147551360 256 964360
1358578 0 0 17 READ 2147560704 256 964870
1358591 0 0 17 READ 2147559680 256 965340
1366844 10 10 26 READ 2147587456 256 969960
1366857 10 10 26 READ 2147586432 256 970430
1377117 3 3 26 READ 2147579392 256 977250
1377134 3 3 26 READ 2147578368 256 977720
1383309 12 12 26 READ 2147587712 256 981600
1383323 12 12 26 READ 2147586688 256 982070
1387852 13 13 26 READ 2147587840 256 984780
1387866 13 13 26 READ 2147586816 256 985250
1392741 9 9 26 READ 2147587328 256 988270
1392753 9 9 26 READ 2147586304 256 988740
1395493 0 0 26 READ 2147595264 256 990210
1395506 0 0 26 READ 2147594240 256 990680
1396387 6 6 26 READ 2147579776 256 991220
1396403 6 6 26 READ 2147578752 256 991690
1397538 1 1 26 READ 2147579136 256 992160
1397553 1 1 26 READ 2147578112 256 992630
1396122 11 11 26 READ 2147587584 256 993150
1396139 11 11 26 READ 2147586560 256 993620
1396418 7 7 26 READ 2147587072 256 994090
1396433 7 7 26 READ 2147586048 256 994560
1401875 14 14 26 READ 2147587968 256 995030
1401891 14 14 26 READ 2147586944 256 995500
1400517 1 1 19 READ 2147548672 256 996090
1400530 1 1 19 READ 2147547648 256 996560
1406770 11 11 19 READ 2147557120 256 998180
1406780 11 11 19 READ 2147556096 256 998650
1412078 8 8 19 READ 2147556736 256 1002000
1412096 8 8 19 READ 2147555712 256 1002470
1416382 0 0 19 READ 2147564800 256 1004900
1416397 0 0 19 READ 2147563776 256 1005370
1416524 3 3 19 READ 2147548928 256 1005930
1416541 3 3 19 READ 2147547904 256 1006400
1419521 10 10 19 READ 2147556992 256 1007060
1419534 10 10 19 READ 2147555968 256 1007530
1427378 14 14 19 READ 2147564672 256 1012360
1427396 14 14 19 READ 2147563648 256 1012830
1433282 6 6 19 READ 2147556480 256 1016620
1433298 6 6 19 READ 2147555456 256 1017090
1437232 12 12 19 READ 2147557248 256 1019320
1437249 12 12 19 READ 2147556224 256 1019790
1441096 9 9 19 READ 2147556864 256 1021860
1441112 9 9 19 READ 2147555840 256 1022330
1529999 3 3 21 READ 2147561088 256 1084900
1530015 3 3 21 READ 2147560064 256 1085370
1540477 0 0 21 READ 2147576960 256 1092160
1540493 0 0 21 READ 2147575936 256 1092630
1540572 9 9 21 READ 2147569024 256 1093220
1540588 9 9 21 READ 2147568000 256 1093690
1548073 6 6 28 READ 2147591936 256 1097650
1548087 6 6 28 READ 2147590912 256 1098120
1548857 11 11 21 READ 2147569280 256 1098620
1548869 11 11 21 READ 2147568256 256 1099090
1550780 3 3 28 READ 2147591552 256 1099690
1550795 3 3 28 READ 2147590528 256 1100160
1554005 10 10 28 READ 2147599616 256 1101950
1554019 10 10 28 READ 2147598592 256 1102420
1554368 9 9 28 READ 2147599488 256 1102890
1554382 9 9 28 READ 2147598464 256 1103360
1554552 1 1 28 READ 2147591296 256 1103950
1554569 1 1 28 READ 2147590272 256 1104420
1556052 4 4 28 READ 2147591680 256 1104890
1556070 4 4 28 READ 2147590656 256 1105360
1559433 4 4 21 READ 2147561216 256 1105980
1559449 4 4 21 READ 2147560192 256 1106460
1562302 2 2 28 READ 2147591424 256 1107740
1562318 2 2 28 READ 2147590400 256 1108210
1562646 7 7 21 READ 2147568768 256 1108710
1562660 7 7 21 READ 2147567744 256 1109180
1562712 13 13 28 READ 2147600000 256 1109660
1562724 13 13 28 READ 2147598976 256 1110130
1566080 7 7 28 READ 2147592064 256 1110720
1566091 7 7 28 READ 2147591040 256 1111190
1567263 12 12 21 READ 2147569408 256 1111690
1567277 12 12 21 READ 2147568384 256 1112160
1568938 14 14 28 READ 2147600128 256 1112640
1568952 14 14 28 READ 2147599104 256 1113110
1571327 10 10 21 READ 2147569152 256 1114050
1571341 10 10 21 READ 2147568128 256 1114520
1593409 6 6 21 READ 2147568640 256 1129710
1593425 6 6 21 READ 2147567616 256 1130180
1674216 0 0 23 READ 2147581056 256 1187030
1674231 0 0 23 READ 2147580032 256 1187500
1677050 13 13 30 READ 2147604096 256 1189220
1677063 13 13 30 READ 2147603072 256 1189690
1681421 9 9 30 READ 2147603584 256 1192240
1681437 9 9 30 READ 2147602560 256 1192710
1682500 11 11 30 READ 2147603840 256 1193180
1682517 11 11 30 READ 2147602816 256 1193650
1683726 14 14 30 READ 2147604224 256 1194120
1683741 14 14 30 READ 2147603200 256 1194590
1681849 5 5 30 READ 2147595904 256 1195180
1681863 5 5 30 READ 2147594880 256 1195650
1684735 3 3 30 READ 2147595648 256 1196120
1684748 3 3 30 READ 2147594624 256 1196590
1686279 7 7 30 READ 2147596160 256 1197060
1686293 7 7 30 READ 2147595136 256 1197530
1689267 4 4 30 READ 2147595776 256 1198000
1689277 4 4 30 READ 2147594752 256 1198470
1687814 12 12 30 READ 2147603968 256 1198980
1687831 12 12 30 READ 2147602944 256 1199450
1690402 10 10 30 READ 2147603712 256 1199920
1690411 10 10 30 READ 2147602688 256 1200390
1693814 0 0 30 READ 2147604352 256 1200860
1693830 0 0 30 READ 2147603328 256 1201330
1695339 2 2 30 READ 2147595520 256 1201920
1695350 2 2 30 READ 2147594496 256 1202390
1692037 8 8 23 READ 2147572992 256 1202890
1692057 8 8 23 READ 2147571968 256 1203360
1698089 6 6 23 READ 2147572736 256 1203990
1698100 6 6 23 READ 2147571712 256 1204460
1703040 11 11 23 READ 2147573376 256 1207490
1703055 11 11 23 READ 2147572352 256 1207960
1714644 13 13 23 READ 2147573632 256 1215310
1714657 13 13 23 READ 2147572608 256 1215780
1714976 3 3 23 READ 2147565184 256 1216370
1714989 3 3 23 READ 2147564160 256 1216840
1717129 4 4 23 READ 2147565312 256 1217310
1717146 4 4 23 READ 2147564288 256 1217780
1747463 9 9 23 READ 2147573120 256 1238440
1747472 9 9 23 READ 2147572096 256 1238910
1757124 10 10 23 READ 2147573248 256 1245140
1757144 10 10 23 READ 2147572224 256 1245610
1818061 4 4 0 READ 2147607552 256 1288350
1818080 4 4 0 READ 2147606528 256 1288820
1820705 5 5 0 READ 2147607808 256 1290250
1820723 5 5 0 READ 2147606784 256 1290720
1825042 5 5 2 READ 2147611904 256 1293290
1825053 5 5 2 READ 2147610880 256 1293760
1826950 0 0 25 READ 2147593216 256 1294610
1826964 0 0 25 READ 2147592192 256 1295080
1831749 8 8 25 READ 2147585152 256 1298070
1831760 8 8 25 READ 2147584128 256 1298540
1833431 2 2 2 READ 2147611776 256 1299310
1833447 2 2 2 READ 2147610752 256 1299780
1845813 3 3 25 READ 2147577344 256 1308060
1845829 3 3 25 READ 2147576320 256 1308530
1847949 12 12 25 READ 2147585664 256 1309530
1847967 12 12 25 READ 2147584640 256 1310000
1852445 6 6 25 READ 2147577728 256 1312820
1852458 6 6 25 READ 2147576704 256 1313290
1853435 2 2 25 READ 2147577216 256 1313760
1853449 2 2 25 READ 2147576192 256 1314230
1854210 4 4 25 READ 2147577472 256 1314700
1854221 4 4 25 READ 2147576448 256 1315170
1854915 0 0 0 READ 2147608320 256 1315650
1854929 0 0 0 READ 2147607296 256 1316120
1855308 12 12 0 READ 2147608192 256 1316590
1855323 12 12 0 READ 2147607168 256 1317060
1855192 10 10 25 READ 2147585408 256 1317570
1855207 10 10 25 READ 2147584384 256 1318040
1856694 13 13 25 READ 2147585792 256 1318510
1856705 13 13 25 READ 2147584768 256 1318980
1856730 7 7 25 READ 2147585024 256 1319450
1856742 7 7 25 READ 2147584000 256 1319920
1857064 11 11 25 READ 2147585536 256 1320390
1857078 11 11 25 READ 2147584512 256 1320860
1860604 9 9 25 READ 2147585280 256 1321330
1860618 9 9 25 READ 2147584256 256 1321800
1864168 14 14 25 READ 2147585920 256 1322270
1864182 14 14 25 READ 2147584896 256 1322740
1866771 11 11 2 READ 2147619840 256 1323220
1866787 11 11 2 READ 2147618816 256 1323690
1856802 5 5 25 READ 2147577600 256 1324260
1856814 5 5 25 READ 2147576576 256 1324730
1865402 10 10 2 READ 2147612544 256 1325230
1865418 10 10 2 READ 2147611520 256 1325700
1870837 12 12 2 READ 2147612288 256 1326170
1870852 12 12 2 READ 2147611264 256 1326640
1861162 14 14 0 READ 2147615872 256 1327120
1861181 14 14 0 READ 2147614848 256 1327590
1862761 9 9 0 READ 2147616000 256 1328060
1862770 9 9 0 READ 2147614976 256 1328530
1869218 9 9 2 READ 2147620096 256 1329020
1869231 9 9 2 READ 2147619072 256 1329490
1932238 7 7 27 READ 2147589120 256 1369330
1932252 7 7 27 READ 2147588096 256 1369800
1933504 3 3 0 READ 2147616384 256 1370400
1933522 3 3 0 READ 2147615360 256 1370870
1935578 1 1 0 READ 2147616512 256 1371660
1935588 1 1 0 READ 2147615488 256 1372130
1936095 7 7 0 READ 2147616128 256 1372600
1936109 7 7 0 READ 2147615104 256 1373070
1943341 1 1 27 READ 2147581184 256 1377040
1943357 1 1 27 READ 2147580160 256 1377510
1944096 3 3 2 READ 2147620480 256 1378020
1944107 3 3 2 READ 2147619456 256 1378490
1946225 7 7 2 READ 2147620224 256 1379120
1946244 7 7 2 READ 2147619200 256 1379590
1947754 3 3 27 READ 2147581440 256 1380190
1947767 3 3 27 READ 2147580416 256 1380660
1949728 1 1 2 READ 2147620608 256 1381650
1949744 1 1 2 READ 2147619584 256 1382120
1952241 12 12 27 READ 2147589760 256 1383240
1952254 12 12 27 READ 2147588736 256 1383710
1952422 10 10 27 READ 2147589504 256 1384180
1952438 10 10 27 READ 2147588480 256 1384650
1960947 5 5 27 READ 2147581696 256 1389230
1960959 5 5 27 READ 2147580672 256 1389700
1967504 13 13 27 READ 2147589888 256 1393900
1967517 13 13 27 READ 2147588864 256 1394370
1970499 0 0 27 READ 2147597312 256 1395840
1970517 0 0 27 READ 2147596288 256 1396310
1974333 9 9 4 READ 2147624192 256 1398510
1974347 9 9 4 READ 2147623168 256 1398980
1974957 5 5 4 READ 2147623936 256 1399450
1974975 5 5 4 READ 2147622912 256 1399920
1975362 3 3 4 READ 2147624832 256 1400390
1975371 3 3 4 READ 2147623808 256 1400860
1978087 7 7 4 READ 2147624448 256 1401330
1978096 7 7 4 READ 2147623424 256 1401800
1980786 8 8 4 READ 2147624320 256 1402910
1980802 8 8 4 READ 2147623296 256 1403380
1981991 4 4 6 READ 2147628800 256 1403870
1982010 4 4 6 READ 2147627776 256 1404340
1981372 13 13 4 READ 2147632512 256 1404830
1981389 13 13 4 READ 2147631488 256 1405300
1981699 14 14 4 READ 2147632768 256 1405770
1981713 14 14 4 READ 2147631744 256 1406240
1985094 10 10 4 READ 2147632256 256 1406710
1985112 10 10 4 READ 2147631232 256 1407180
1983336 11 11 27 READ 2147589632 256 1407760
1983352 11 11 27 READ 2147588608 256 1408230
1987272 7 7 29 READ 2147594112 256 1408720
1987287 7 7 29 READ 2147593088 256 1409190
1984019 5 5 6 READ 2147628032 256 1409670
1984034 5 5 6 READ 2147627008 256 1410140
1991638 9 9 6 READ 2147628288 256 1410610
1991655 9 9 6 READ 2147627264 256 1411080
1992494 6 6 6 READ 2147628672 256 1411550
1992514 6 6 6 READ 2147627648 256 1412020
1994790 10 10 6 READ 2147636352 256 1412690
1994806 10 10 6 READ 2147635328 256 1413160
1995041 14 14 6 READ 2147636864 256 1413630
1995056 14 14 6 READ 2147635840 256 1414100
1998539 3 3 6 READ 2147628928 256 1415330
1998556 3 3 6 READ 2147627904 256 1415800
2001826 13 13 6 READ 2147636608 256 1417590
2001837 13 13 6 READ 2147635584 256 1418060
2021307 8 8 29 READ 2147601408 256 1431320
2021322 8 8 29 READ 2147600384 256 1431790
2026513 3 3 29 READ 2147593600 256 1434940
2026523 3 3 29 READ 2147592576 256 1435410
2031488 12 12 29 READ 2147601920 256 1438480
2031506 12 12 29 READ 2147600896 256 1438950
2038383 1 1 29 READ 2147593344 256 1443540
2038398 1 1 29 READ 2147592320 256 1444010
2039801 5 5 29 READ 2147593856 256 1444480
2039819 5 5 29 READ 2147592832 256 1444950
2040900 14 14 29 READ 2147602176 256 1445460
2040917 14 14 29 READ 2147601152 256 1445930
2042620 10 10 29 READ 2147601664 256 1446560
2042634 10 10 29 READ 2147600640 256 1447040
2042847 2 2 29 READ 2147593472 256 1447630
2042862 2 2 29 READ 2147592448 256 1448100
2046337 9 9 29 READ 2147601536 256 1449090
2046351 9 9 29 READ 2147600512 256 1449560
2047208 0 0 29 READ 2147602304 256 1450030
2047225 0 0 29 READ 2147601280 256 1450490
2058428 13 13 29 READ 2147602048 256 1457680
2058442 13 13 29 READ 2147601024 256 1458150
2059067 6 6 29 READ 2147593984 256 1458740
2059084 6 6 29 READ 2147592960 256 1459210
2060548 7 7 31 READ 2147598208 256 1459700
2060566 7 7 31 READ 2147597184 256 1460170
2063088 11 11 29 READ 2147601792 256 1460980
2063106 11 11 29 READ 2147600768 256 1461450
2103295 9 9 8 READ 2147633024 256 1489430
2103309 9 9 8 READ 2147632000 256 1489900
2104846 8 8 31 READ 2147605504 256 1490400
2104862 8 8 31 READ 2147604480 256 1490870
2105044 10 10 8 READ 2147640320 256 1491350
2105055 10 10 8 READ 2147639296 256 1491820
2106917 3 3 31 READ 2147597696 256 1492400
2106931 3 3 31 READ 2147596672 256 1492870
2107760 3 3 8 READ 2147640832 256 1493390
2107774 3 3 8 READ 2147639808 256 1493860
2110923 6 6 8 READ 2147640704 256 1494810
2110935 6 6 8 READ 2147639680 256 1495280
2116940 7 7 8 READ 2147641088 256 1498950
2116952 7 7 8 READ 2147640064 256 1499420
2119919 9 9 10 READ 2147637120 256 1501150
2119934 9 9 10 READ 2147636096 256 1501620
2122226 10 10 10 READ 2147644416 256 1502610
2122245 10 10 10 READ 2147643392 256 1503080
2125149 11 11 8 READ 2147648640 256 1504700
2125166 11 11 8 READ 2147647616 256 1505170
2128445 3 3 10 READ 2147644928 256 1507050
2128456 3 3 10 READ 2147643904 256 1507520
2129158 1 1 8 READ 2147648768 256 1508020
2129176 1 1 8 READ 2147647744 256 1508490
2131150 14 14 31 READ 2147606272 256 1509060
2131166 14 14 31 READ 2147605248 256 1509530
2132354 12 12 31 READ 2147606016 256 1509990
2132375 12 12 31 READ 2147604992 256 1510460
2132595 9 9 31 READ 2147605632 256 1510930
2132613 9 9 31 READ 2147604608 256 1511400
2130091 0 0 10 READ 2147645312 256 1511900
2130109 0 0 10 READ 2147644288 256 1512370
2134377 4 4 8 READ 2147649024 256 1512870
2134387 4 4 8 READ 2147648000 256 1513340
2136359 4 4 31 READ 2147597824 256 1513870
2136376 4 4 31 READ 2147596800 256 1514340
2136636 10 10 31 READ 2147605760 256 1514850
2136652 10 10 31 READ 2147604736 256 1515320
2140847 0 0 31 READ 2147606400 256 1515790
2140865 0 0 31 READ 2147605376 256 1516260
2138131 5 5 10 READ 2147644672 256 1516760
2138150 5 5 10 READ 2147643648 256 1517230
2143803 8 8 10 READ 2147644544 256 1517700
2143820 8 8 10 READ 2147643520 256 1518170
2145339 2 2 10 READ 2147645056 256 1518640
2145355 2 2 10 READ 2147644032 256 1519110
2142492 11 11 10 READ 2147652736 256 1519630
2142512 11 11 10 READ 2147651712 256 1520100
2145118 4 4 10 READ 2147653120 256 1520570
2145134 4 4 10 READ 2147652096 256 1521040
2147350 14 14 10 READ 2147652992 256 1521510
2147361 14 14 10 READ 2147651968 256 1521980
2142122 6 6 31 READ 2147598080 256 1522490
2142144 6 6 31 READ 2147597056 256 1522960
2142570 5 5 31 READ 2147597952 256 1523430
2142581 5 5 31 READ 2147596928 256 1523900
2202420 4 4 12 READ 2147657472 256 1558750
2202436 4 4 12 READ 2147656448 256 1559210
2213125 3 3 12 READ 2147649408 256 1566520
2213140 3 3 12 READ 2147648384 256 1566990
2214082 9 9 12 READ 2147656832 256 1567500
2214097 9 9 12 READ 2147655808 256 1567960
2214210 10 10 12 READ 2147665280 256 1568470
2214226 10 10 12 READ 2147664256 256 1568940
2216435 13 13 12 READ 2147664896 256 1569410
2216447 13 13 12 READ 2147663872 256 1569880
2216122 10 10 1 READ 2147610496 256 1570390
2216135 10 10 1 READ 2147609472 256 1570860
2216716 4 4 1 READ 2147609600 256 1571330
2216727 4 4 1 READ 2147608576 256 1571800
2217334 8 8 1 READ 2147618304 256 1572300
2217349 8 8 1 READ 2147617280 256 1572770
2223024 11 11 12 READ 2147657216 256 1573450
2223035 11 11 12 READ 2147656192 256 1573920
2224044 8 8 12 READ 2147656704 256 1574390
2224060 8 8 12 READ 2147655680 256 1574860
2225472 6 6 12 READ 2147657088 256 1575330
2225487 6 6 12 READ 2147656064 256 1575800
2226446 6 6 1 READ 2147609984 256 1576350
2226458 6 6 1 READ 2147608960 256 1576820
2228605 12 12 1 READ 2147610240 256 1577290
2228619 12 12 1 READ 2147609216 256 1577760
2223802 7 7 1 READ 2147618176 256 1578260
2223818 7 7 1 READ 2147617152 256 1578730
2223989 14 14 1 READ 2147617920 256 1579200
2224004 14 14 1 READ 2147616896 256 1579670
2229192 5 5 12 READ 2147657344 256 1580190
2229207 5 5 12 READ 2147656320 256 1580660
2232722 0 0 1 READ 2147610368 256 1581210
2232737 0 0 1 READ 2147609344 256 1581680
2236883 2 2 1 READ 2147609728 256 1583270
2236899 2 2 1 READ 2147608704 256 1583740
2237242 13 13 1 READ 2147610112 256 1584210
2237258 13 13 1 READ 2147609088 256 1584680
2237010 1 1 1 READ 2147618560 256 1585180
2237023 1 1 1 READ 2147617536 256 1585650
2238450 3 3 1 READ 2147618432 256 1586120
2238459 3 3 1 READ 2147617408 256 1586590
2239049 9 9 1 READ 2147618048 256 1587060
2239064 9 9 1 READ 2147617024 256 1587530
2241158 11 11 1 READ 2147617792 256 1588000
2241173 11 11 1 READ 2147616768 256 1588460
2240884 4 4 14 READ 2147661568 256 1589000
2240900 4 4 14 READ 2147660544 256 1589470
2245507 9 9 14 READ 2147660928 256 1589940
2245521 9 9 14 READ 2147659904 256 1590410
2243456 10 10 14 READ 2147669376 256 1590920
2243468 10 10 14 READ 2147668352 256 1591390
2248356 5 5 1 READ 2147609856 256 1591880
2248369 5 5 1 READ 2147608832 256 1592350
2248255 1 1 14 READ 2147653376 256 1592880
2248270 1 1 14 READ 2147652352 256 1593350
2251001 13 13 14 READ 2147668992 256 1593900
2251018 13 13 14 READ 2147667968 256 1594370
2255363 6 6 14 READ 2147661184 256 1596080
2255379 6 6 14 READ 2147660160 256 1596550
2255531 11 11 14 READ 2147661312 256 1597020
2255546 11 11 14 READ 2147660288 256 1597490
2266921 8 8 14 READ 2147660800 256 1604360
2266939 8 8 14 READ 2147659776 256 1604830
2286771 9 9 3 READ 2147622144 256 1618530
2286785 9 9 3 READ 2147621120 256 1618990
2304585 8 8 3 READ 2147622400 256 1630980
2304600 8 8 3 READ 2147621376 256 1631450
2309457 10 10 3 READ 2147614592 256 1634450
2309474 10 10 3 READ 2147613568 256 1634920
2313790 12 12 3 READ 2147614336 256 1637470
2313805 12 12 3 READ 2147613312 256 1637940
2314978 5 5 3 READ 2147613952 256 1638410
2314994 5 5 3 READ 2147612928 256 1638880
2324112 11 11 3 READ 2147621888 256 1644500
2324127 11 11 3 READ 2147620864 256 1644960
2326784 1 1 3 READ 2147622656 256 1646390
2326801 1 1 3 READ 2147621632 256 1646860
2326902 4 4 3 READ 2147613696 256 1647460
2326912 4 4 3 READ 2147612672 256 1647930
2334718 3 3 3 READ 2147622528 256 1651790
2334730 3 3 3 READ 2147621504 256 1652260
2344952 2 2 16 READ 2147673088 256 1658920
2344971 2 2 16 READ 2147672064 256 1659390
2347677 10 10 16 READ 2147673472 256 1660820
2347691 10 10 16 READ 2147672448 256 1661290
2356897 0 0 3 READ 2147614464 256 1667380
2356915 0 0 3 READ 2147613440 256 1667850
2356954 1 1 16 READ 2147665408 256 1668420
2356971 1 1 16 READ 2147664384 256 1668890
2360305 7 7 16 READ 2147665792 256 1669680
2360322 7 7 16 READ 2147664768 256 1670150
2361393 4 4 16 READ 2147673984 256 1670660
2361410 4 4 16 READ 2147672960 256 1671130
2363440 12 12 16 READ 2147681280 256 1671950
2363453 12 12 16 READ 2147680256 256 1672420
2365079 3 3 16 READ 2147673344 256 1673020
2365094 3 3 16 READ 2147672320 256 1673490
2366148 13 13 16 READ 2147673728 256 1673960
2366170 13 13 16 READ 2147672704 256 1674430
2371891 6 6 16 READ 2147673856 256 1677940
2371905 6 6 16 READ 2147672832 256 1678410
2374201 9 9 16 READ 2147681536 256 1679550
2374220 9 9 16 READ 2147680512 256 1680020
2383978 5 5 5 READ 2147625984 256 1686450
2383989 5 5 5 READ 2147624960 256 1686920
2390950 10 10 18 READ 2147677568 256 1691340
2390966 10 10 18 READ 2147676544 256 1691810
2392384 9 9 5 READ 2147626240 256 1692490
2392400 9 9 5 READ 2147625216 256 1692960
2395683 2 2 18 READ 2147677184 256 1694820
2395697 2 2 18 READ 2147676160 256 1695290
2396590 14 14 5 READ 2147634816 256 1695850
2396605 14 14 5 READ 2147633792 256 1696320
2397534 1 1 18 READ 2147669504 256 1696820
2397548 1 1 18 READ 2147668480 256 1697290
2398559 6 6 18 READ 2147677952 256 1697800
2398574 6 6 18 READ 2147676928 256 1698270
2398946 12 12 18 READ 2147685376 256 1698770
2398963 12 12 18 READ 2147684352 256 1699240
2398549 7 7 5 READ 2147626496 256 1699730
2398561 7 7 5 READ 2147625472 256 1700200
2402011 4 4 5 READ 2147626752 256 1700670
2402023 4 4 5 READ 2147625728 256 1701140
2405413 2 2 5 READ 2147626112 256 1701610
2405426 2 2 5 READ 2147625088 256 1702080
2406828 11 11 5 READ 2147634432 256 1702590
2406842 11 11 5 READ 2147633408 256 1703060
2401517 3 3 18 READ 2147677440 256 1703600
2401529 3 3 18 READ 2147676416 256 1704070
2405610 14 14 18 READ 2147677696 256 1704540
2405628 14 14 18 READ 2147676672 256 1705010
2408952 9 9 18 READ 2147685632 256 1705510
2408965 9 9 18 READ 2147684608 256 1705980
2407403 6 6 5 READ 2147626624 256 1706470
2407418 6 6 5 READ 2147625600 256 1706940
2408767 10 10 5 READ 2147634304 256 1707450
2408782 10 10 5 READ 2147633280 256 1707920
2408594 7 7 18 READ 2147669888 256 1708420
2408606 7 7 18 READ 2147668864 256 1708890
2416017 0 0 18 READ 2147677312 256 1709400
2416036 0 0 18 READ 2147676288 256 1709870
2417991 12 12 5 READ 2147634688 256 1710430
2418008 12 12 5 READ 2147633664 256 1710900
2418057 1 1 5 READ 2147618688 256 1711450
2418069 1 1 5 READ 2147617664 256 1711920
2421830 3 3 5 READ 2147626880 256 1713070
2421845 3 3 5 READ 2147625856 256 1713540
2423380 8 8 5 READ 2147626368 256 1714170
2423396 8 8 5 READ 2147625344 256 1714650
2471816 13 13 7 READ 2147638656 256 1748620
2471832 13 13 7 READ 2147637632 256 1749090
2483480 2 2 7 READ 2147630208 256 1756720
2483498 2 2 7 READ 2147629184 256 1757190
2485116 14 14 7 READ 2147638912 256 1758020
2485130 14 14 7 READ 2147637888 256 1758490
2488392 6 6 7 READ 2147630720 256 1760200
2488405 6 6 7 READ 2147629696 256 1760670
2502702 3 3 7 READ 2147630976 256 1770420
2502722 3 3 7 READ 2147629952 256 1770890
2504579 9 9 7 READ 2147630336 256 1771840
2504587 9 9 7 READ 2147629312 256 1772310
2506332 10 10 7 READ 2147638400 256 1772980
2506346 10 10 7 READ 2147637376 256 1773450
2513912 7 7 7 READ 2147630592 256 1778360
2513924 7 7 7 READ 2147629568 256 1778830
2575657 2 2 9 READ 2147643008 256 1822240
2575671 2 2 9 READ 2147641984 256 1822710
2581066 11 11 9 READ 2147650688 256 1825950
2581084 11 11 9 READ 2147649664 256 1826420
2584119 9 9 9 READ 2147635072 256 1828240
2584135 9 9 9 READ 2147634048 256 1828710
2584290 5 5 9 READ 2147642624 256 1829220
2584304 5 5 9 READ 2147641600 256 1829690
2590739 14 14 9 READ 2147650944 256 1832930
2590752 14 14 9 READ 2147649920 256 1833400
2602328 6 6 20 READ 2147681920 256 1841060
2602338 6 6 20 READ 2147680896 256 1841530
2604208 4 4 20 READ 2147689856 256 1842520
2604226 4 4 20 READ 2147688832 256 1842990
2608588 10 10 9 READ 2147642368 256 1845620
2608602 10 10 9 READ 2147641344 256 1846090
2612187 11 11 20 READ 2147682176 256 1848040
2612198 11 11 20 READ 2147681152 256 1848510
2612444 0 0 9 READ 2147643264 256 1849100
2612460 0 0 9 READ 2147642240 256 1849570
2618808 13 13 20 READ 2147689600 256 1852840
2618826 13 13 20 READ 2147688576 256 1853310
2619155 12 12 20 READ 2147689984 256 1853780
2619175 12 12 20 READ 2147688960 256 1854250
2619542 4 4 9 READ 2147651072 256 1854850
2619562 4 4 9 READ 2147650048 256 1855320
2621784 5 5 20 READ 2147690240 256 1855820
2621799 5 5 20 READ 2147689216 256 1856290
2622578 3 3 20 READ 2147689728 256 1856760
2622589 3 3 20 READ 2147688704 256 1857230
2627439 7 7 20 READ 2147689472 256 1858980
2627453 7 7 20 READ 2147688448 256 1859450
2629663 4 4 22 READ 2147693952 256 1860420
2629676 4 4 22 READ 2147692928 256 1860890
2633058 6 6 22 READ 2147686016 256 1862920
2633072 6 6 22 READ 2147684992 256 1863390
2633739 14 14 20 READ 2147690112 256 1863880
2633751 14 14 20 READ 2147689088 256 1864350
2636151 5 5 22 READ 2147694336 256 1865160
2636167 5 5 22 READ 2147693312 256 1865630
2637085 10 10 20 READ 2147697792 256 1866120
2637099 10 10 20 READ 2147696768 256 1866590
2636555 2 2 20 READ 2147690368 256 1867180
2636569 2 2 20 READ 2147689344 256 1867650
2640597 11 11 22 READ 2147686272 256 1868260
2640613 11 11 22 READ 2147685248 256 1868730
2650192 12 12 22 READ 2147694080 256 1875000
2650205 12 12 22 READ 2147693056 256 1875460
2651527 13 13 22 READ 2147693696 256 1875930
2651538 13 13 22 READ 2147692672 256 1876400
2666512 9 9 22 READ 2147701760 256 1886510
2666527 9 9 22 READ 2147700736 256 1886980
2676838 0 0 11 READ 2147647360 256 1893890
2676855 0 0 11 READ 2147646336 256 1894360
2677778 11 11 11 READ 2147654784 256 1894880
2677789 11 11 11 READ 2147653760 256 1895350
2685514 5 5 11 READ 2147646720 256 1900090
2685531 5 5 11 READ 2147645696 256 1900560
2688965 4 4 11 READ 2147655168 256 1902520
2688985 4 4 11 READ 2147654144 256 1902990
2691370 8 8 11 READ 2147646592 256 1904210
2691388 8 8 11 READ 2147645568 256 1904680
2694793 3 3 11 READ 2147646976 256 1906590
2694810 3 3 11 READ 2147645952 256 1907060
2696352 14 14 11 READ 2147655040 256 1907740
2696367 14 14 11 READ 2147654016 256 1908210
2696762 9 9 11 READ 2147639168 256 1908750
2696776 9 9 11 READ 2147638144 256 1909210
2708242 6 6 11 READ 2147646848 256 1916120
2708253 6 6 11 READ 2147645824 256 1916590
2709992 12 12 11 READ 2147654656 256 1917430
2710009 12 12 11 READ 2147653632 256 1917900
2729721 7 7 11 READ 2147647232 256 1931440
2729734 7 7 11 READ 2147646208 256 1931910
2760310 0 0 13 READ 2147667200 256 1953130
2760325 0 0 13 READ 2147666176 256 1953600
2773176 4 4 13 READ 2147659520 256 1962190
2773186 4 4 13 READ 2147658496 256 1962660
2773339 11 11 13 READ 2147659264 256 1963130
2773358 11 11 13 READ 2147658240 256 1963600
2788306 9 9 13 READ 2147658880 256 1973030
2788318 9 9 13 READ 2147657856 256 1973500
2790392 6 6 13 READ 2147659136 256 1974440
2790408 6 6 13 READ 2147658112 256 1974910
2791789 3 3 13 READ 2147651456 256 1975500
2791803 3 3 13 READ 2147650432 256 1975970
2793418 2 2 13 READ 2147667072 256 1976680
2793431 2 2 13 READ 2147666048 256 1977150
2795111 12 12 13 READ 2147659648 256 1977900
2795122 12 12 13 READ 2147658624 256 1978370
2801884 1 1 24 READ 2147698048 256 1982550
2801901 1 1 24 READ 2147697024 256 1983020
2803097 8 8 24 READ 2147698176 256 1983490
2803112 8 8 24 READ 2147697152 256 1983960
2812992 5 5 24 READ 2147706112 256 1990390
2813002 5 5 24 READ 2147705088 256 1990860
2814269 12 12 24 READ 2147698432 256 1991450
2814284 12 12 24 READ 2147697408 256 1991920
2814913 4 4 24 READ 2147705856 256 1992430
2814931 4 4 24 READ 2147704832 256 1992900
2816939 7 7 26 READ 2147702016 256 1993510
2816958 7 7 26 READ 2147700992 256 1993980
2818362 3 3 26 READ 2147702400 256 1994450
2818372 3 3 26 READ 2147701376 256 1994920
2820967 9 9 24 READ 2147706752 256 1996210
2820986 9 9 24 READ 2147705728 256 1996680
2822841 0 0 24 READ 2147706496 256 1997470
2822856 0 0 24 READ 2147705472 256 1997940
2824363 2 2 26 READ 2147710080 256 1998590
2824380 2 2 26 READ 2147709056 256 1999060
2825660 7 7 13 READ 2147659008 256 1999600
2825676 7 7 13 READ 2147657984 256 2000070
2826604 5 5 26 READ 2147710208 256 2000630
2826619 5 5 26 READ 2147709184 256 2001100
2829323 12 12 26 READ 2147702528 256 2002010
2829335 12 12 26 READ 2147701504 256 2002480
2834662 11 11 24 READ 2147714048 256 2005740
2834678 11 11 24 READ 2147713024 256 2006210
2834939 14 14 26 READ 2147710720 256 2006810
2834958 14 14 26 READ 2147709696 256 2007280
2839919 0 0 26 READ 2147710592 256 2009510
2839932 0 0 26 READ 2147709568 256 2009980
2843186 0 0 15 READ 2147671296 256 2011860
2843197 0 0 15 READ 2147670272 256 2012330
2846403 5 5 15 READ 2147663488 256 2014040
2846416 5 5 15 READ 2147662464 256 2014510
2847160 11 11 26 READ 2147718144 256 2015100
2847173 11 11 26 READ 2147717120 256 2015570
2852346 6 6 15 READ 2147663232 256 2018320
2852357 6 6 15 READ 2147662208 256 2018790
2852500 9 9 15 READ 2147662976 256 2019260
2852522 9 9 15 READ 2147661952 256 2019730
2852671 14 14 15 READ 2147655296 256 2020320
2852686 14 14 15 READ 2147654272 256 2020790
2856471 3 3 15 READ 2147655552 256 2021260
2856489 3 3 15 READ 2147654528 256 2021730
2857453 4 4 15 READ 2147663616 256 2022240
2857468 4 4 15 READ 2147662592 256 2022710
2859304 2 2 15 READ 2147671168 256 2023220
2859314 2 2 15 READ 2147670144 256 2023690
2861431 11 11 15 READ 2147663360 256 2024760
2861446 11 11 15 READ 2147662336 256 2025230
2865771 8 8 15 READ 2147662848 256 2027780
2865788 8 8 15 READ 2147661824 256 2028250
2888941 7 7 15 READ 2147663104 256 2044240
2888953 7 7 15 READ 2147662080 256 2044710
2892873 6 6 17 READ 2147675904 256 2047000
2892887 6 6 17 READ 2147674880 256 2047460
2893135 0 0 17 READ 2147675264 256 2047930
2893150 0 0 17 READ 2147674240 256 2048400
2900871 10 10 17 READ 2147675520 256 2052710
2900880 10 10 17 READ 2147674496 256 2053180
2906302 5 5 17 READ 2147683456 256 2056560
2906320 5 5 17 READ 2147682432 256 2057030
2906951 11 11 17 READ 2147667584 256 2057590
2906962 11 11 17 READ 2147666560 256 2058060
2911337 4 4 17 READ 2147676032 256 2060170
2911351 4 4 17 READ 2147675008 256 2060640
2912034 2 2 17 READ 2147675136 256 2061110
2912048 2 2 17 READ 2147674112 256 2061580
2913013 14 14 17 READ 2147675648 256 2062050
2913029 14 14 17 READ 2147674624 256 2062520
2914240 3 3 17 READ 2147675392 256 2062990
2914250 3 3 17 READ 2147674368 256 2063460
2912190 9 9 17 READ 2147683584 256 2063960
2912206 9 9 17 READ 2147682560 256 2064430
2913404 1 1 28 READ 2147714304 256 2064910
2913418 1 1 28 READ 2147713280 256 2065380
2913851 8 8 17 READ 2147667712 256 2065930
2913863 8 8 17 READ 2147666688 256 2066400
2926009 3 3 28 READ 2147714560 256 2070470
2926024 3 3 28 READ 2147713536 256 2070940
2931106 1 1 30 READ 2147718400 256 2074150
2931119 1 1 30 READ 2147717376 256 2074620
2935901 3 3 30 READ 2147718656 256 2077490
2935917 3 3 30 READ 2147717632 256 2077960
2936040 4 4 28 READ 2147722496 256 2078450
2936055 4 4 28 READ 2147721472 256 2078920
2936642 9 9 28 READ 2147722240 256 2079390
2936655 9 9 28 READ 2147721216 256 2079860
2937667 7 7 19 READ 2147671936 256 2080390
2937683 7 7 19 READ 2147670912 256 2080860
2940624 10 10 19 READ 2147679616 256 2081370
2940638 10 10 19 READ 2147678592 256 2081840
2938185 12 12 28 READ 2147714816 256 2082330
2938199 12 12 28 READ 2147713792 256 2082800
2941267 0 0 28 READ 2147722752 256 2083310
2941281 0 0 28 READ 2147721728 256 2083780
2941501 10 10 28 READ 2147722624 256 2084250
2941514 10 10 28 READ 2147721600 256 2084720
2946701 5 5 28 READ 2147723136 256 2085190
2946712 5 5 28 READ 2147722112 256 2085660
2944331 2 2 30 READ 2147726464 256 2086150
2944347 2 2 30 READ 2147725440 256 2086620
2945720 4 4 30 READ 2147726592 256 2087090
2945735 4 4 30 READ 2147725568 256 2087560
2942924 0 0 19 READ 2147679360 256 2088110
2942938 0 0 19 READ 2147678336 256 2088580
2943008 14 14 19 READ 2147679744 256 2089050
2943027 14 14 19 READ 2147678720 256 2089520
2949233 4 4 19 READ 2147680128 256 2089990
2949244 4 4 19 READ 2147679104 256 2090460
2949315 3 3 19 READ 2147679488 256 2090930
2949328 3 3 19 READ 2147678464 256 2091400
2954060 2 2 19 READ 2147679232 256 2091870
2954078 2 2 19 READ 2147678208 256 2092340
2953929 12 12 19 READ 2147687424 256 2092840
2953944 12 12 19 READ 2147686400 256 2093310
2958109 9 9 19 READ 2147687680 256 2093780
2958127 9 9 19 READ 2147686656 256 2094250
2947905 12 12 30 READ 2147718912 256 2094720
2947921 12 12 30 READ 2147717888 256 2095190
2951486 6 6 30 READ 2147727104 256 2095700
2951499 6 6 30 READ 2147726080 256 2096170
2951892 0 0 30 READ 2147726848 256 2096640
2951907 0 0 30 READ 2147725824 256 2097110
2961899 1 1 19 READ 2147671552 256 2097620
2961918 1 1 19 READ 2147670528 256 2098090
2977157 3 3 21 READ 2147691776 256 2107610
2977171 3 3 21 READ 2147690752 256 2108080
2981162 7 7 21 READ 2147691520 256 2110630
2981177 7 7 21 READ 2147690496 256 2111100
2985622 2 2 21 READ 2147692416 256 2113970
2985640 2 2 21 READ 2147691392 256 2114440
2986306 4 4 21 READ 2147691904 256 2114910
2986323 4 4 21 READ 2147690880 256 2115380
2986838 6 6 21 READ 2147683968 256 2115970
2986848 6 6 21 READ 2147682944 256 2116440
2988201 0 0 21 READ 2147683712 256 2116910
2988214 0 0 21 READ 2147682688 256 2117380
2988741 14 14 21 READ 2147692160 256 2117890
2988759 14 14 21 READ 2147691136 256 2118360
2993152 10 10 21 READ 2147699840 256 2119670
2993170 10 10 21 READ 2147698816 256 2120140
2995688 1 1 21 READ 2147684096 256 2121650
2995700 1 1 21 READ 2147683072 256 2122120
3002255 5 5 21 READ 2147692288 256 2126630
3002270 5 5 21 READ 2147691264 256 2127100
3008814 13 13 19 READ 2147679872 256 2131680
3008829 13 13 19 READ 2147678848 256 2132150
3015787 9 9 0 READ 2147730432 256 2137200
3015797 9 9 0 READ 2147729408 256 2137670
3017352 2 2 23 READ 2147696512 256 2138270
3017363 2 2 23 READ 2147695488 256 2138740
3019286 7 7 23 READ 2147695616 256 2139850
3019298 7 7 23 READ 2147694592 256 2140320
3019497 14 14 23 READ 2147696256 256 2140790
3019513 14 14 23 READ 2147695232 256 2141260
3021037 4 4 23 READ 2147696000 256 2141730
3021046 4 4 23 READ 2147694976 256 2142200
3020170 8 8 0 READ 2147730688 256 2142700
3020183 8 8 0 READ 2147729664 256 2143170
3022559 9 9 2 READ 2147734528 256 2143660
3022574 9 9 2 READ 2147733504 256 2144130
3019865 1 1 23 READ 2147688192 256 2144670
3019875 1 1 23 READ 2147687168 256 2145140
3025361 5 5 23 READ 2147696384 256 2145650
3025373 5 5 23 READ 2147695360 256 2146120
3025146 12 12 0 READ 2147730944 256 2146620
3025161 12 12 0 READ 2147729920 256 2147090
3026311 6 6 0 READ 2147731328 256 2147560
3026317 6 6 0 READ 2147730304 256 2148030
3026436 10 10 23 READ 2147703936 256 2148510
3026450 10 10 23 READ 2147702912 256 2148980
3026571 8 8 2 READ 2147734784 256 2149460
3026584 8 8 2 READ 2147733760 256 2149930
3027033 6 6 2 READ 2147735424 256 2150400
3027048 6 6 2 READ 2147734400 256 2150870
3029178 12 12 2 READ 2147735040 256 2151340
3029194 12 12 2 READ 2147734016 256 2151810
3029388 10 10 2 READ 2147734912 256 2152280
3029399 10 10 2 READ 2147733888 256 2152740
3025467 1 1 0 READ 2147738880 256 2153230
3025481 1 1 0 READ 2147737856 256 2153700
3027106 14 14 0 READ 2147738752 256 2154170
3027122 14 14 0 READ 2147737728 256 2154640
3027442 2 2 0 READ 2147739136 256 2155110
3027451 2 2 0 READ 2147738112 256 2155580
3028536 4 4 0 READ 2147739008 256 2156050
3028548 4 4 0 READ 2147737984 256 2156520
3032300 11 11 0 READ 2147738624 256 2156990
3032309 11 11 0 READ 2147737600 256 2157460
3038638 0 0 0 READ 2147739392 256 2157930
3038646 0 0 0 READ 2147738368 256 2158400
3029501 1 1 2 READ 2147742976 256 2158890
3029515 1 1 2 READ 2147741952 256 2159360
3030329 3 3 2 READ 2147743360 256 2159830
3030336 3 3 2 READ 2147742336 256 2160300
3031410 14 14 2 READ 2147742848 256 2160770
3031414 14 14 2 READ 2147741824 256 2161240
3039177 0 0 2 READ 2147743488 256 2161710
3039188 0 0 2 READ 2147742464 256 2162180
3026594 8 8 23 READ 2147687936 256 2162680
3026610 8 8 23 READ 2147686912 256 2163150
3026686 0 0 23 READ 2147687808 256 2163620
3026702 0 0 23 READ 2147686784 256 2164090
3029065 11 11 23 READ 2147688320 256 2164560
3029077 11 11 23 READ 2147687296 256 2165030
3028765 12 12 23 READ 2147696128 256 2165540
3028777 12 12 23 READ 2147695104 256 2166010
3041555 1 1 25 READ 2147700096 256 2166500
3041566 1 1 25 READ 2147699072 256 2166970
3043215 10 10 25 READ 2147700608 256 2167440
3043227 10 10 25 READ 2147699584 256 2167910
3044756 3 3 25 READ 2147700352 256 2168380
3044765 3 3 25 READ 2147699328 256 2168850
3045795 7 7 25 READ 2147699968 256 2169320
3045807 7 7 25 READ 2147698944 256 2169790
3038147 14 14 25 READ 2147708672 256 2170300
3038156 14 14 25 READ 2147707648 256 2170770
3041705 0 0 25 READ 2147708544 256 2171240
3041718 0 0 25 READ 2147707520 256 2171710
3041752 2 2 25 READ 2147708032 256 2172180
3041760 2 2 25 READ 2147707008 256 2172650
3045008 5 5 25 READ 2147708160 256 2173120
3045020 5 5 25 READ 2147707136 256 2173590
3051359 9 9 25 READ 2147708800 256 2174060
3051364 9 9 25 READ 2147707776 256 2174530
3046253 11 11 25 READ 2147716096 256 2175040
3046259 11 11 25 READ 2147715072 256 2175510
3054072 13 13 21 READ 2147691648 256 2176010
3054081 13 13 21 READ 2147690624 256 2176480
3052957 12 12 25 READ 2147700480 256 2176990
3052964 12 12 25 READ 2147699456 256 2177460
3058768 11 11 27 READ 2147720192 256 2179640
3058777 11 11 27 READ 2147719168 256 2180110
3060339 5 5 27 READ 2147712256 256 2181490
3060349 5 5 27 READ 2147711232 256 2181960
3064994 12 12 27 READ 2147704576 256 2187030
3065003 12 12 27 READ 2147703552 256 2187500
3065266 7 7 27 READ 2147704064 256 2187970
3065274 7 7 27 READ 2147703040 256 2188440
3066058 0 0 27 READ 2147712640 256 2188950
3066068 0 0 27 READ 2147711616 256 2189420
3067696 8 8 27 READ 2147704320 256 2190330
3067704 8 8 27 READ 2147703296 256 2190800
3067788 10 10 27 READ 2147704704 256 2191270
3067796 10 10 27 READ 2147703680 256 2191740
3067917 2 2 27 READ 2147712128 256 2192250
3067921 2 2 27 READ 2147711104 256 2192710
3068770 9 9 27 READ 2147712896 256 2193180
3068781 9 9 27 READ 2147711872 256 2193650
3078224 5 5 29 READ 2147725184 256 2204430
3078232 5 5 29 READ 2147724160 256 2204900
3079112 13 13 23 READ 2147695744 256 2205700
3079119 13 13 23 READ 2147694720 256 2206170
3080175 1 1 29 READ 2147716352 256 2207070
3080180 1 1 29 READ 2147715328 256 2207540
3080258 2 2 29 READ 2147724416 256 2208050
3080266 2 2 29 READ 2147723392 256 2208520
3080833 11 11 29 READ 2147724928 256 2208990
3080844 11 11 29 READ 2147723904 256 2209460
3082207 13 13 2 READ 2147735296 256 2209990
3082215 13 13 2 READ 2147734272 256 2210460
3080920 12 12 29 READ 2147716864 256 2210990
3080930 12 12 29 READ 2147715840 256 2211460
3081282 7 7 29 READ 2147716224 256 2211930
3081287 7 7 29 READ 2147715200 256 2212400
3081607 3 3 29 READ 2147716608 256 2212870
3081617 3 3 29 READ 2147715584 256 2213340
3082274 4 4 29 READ 2147724544 256 2213850
3082282 4 4 29 READ 2147723520 256 2214320
3082537 6 6 29 READ 2147725056 256 2214790
3082543 6 6 29 READ 2147724032 256 2215260
3084920 8 8 29 READ 2147716480 256 2215850
3084934 8 8 29 READ 2147715456 256 2216320
3085934 9 9 29 READ 2147724288 256 2216830
3085937 9 9 29 READ 2147723264 256 2217300
3092318 0 0 31 READ 2147728896 256 2226750
3092323 0 0 31 READ 2147727872 256 2227210
3093053 1 1 31 READ 2147720448 256 2227960
3093061 1 1 31 READ 2147719424 256 2228430
3093189 4 4 31 READ 2147728640 256 2228940
3093196 4 4 31 READ 2147727616 256 2229410
3095561 6 6 31 READ 2147729152 256 2232440
3095567 6 6 31 READ 2147728128 256 2232910
3095583 13 13 25 READ 2147708416 256 2233430
3095587 13 13 25 READ 2147707392 256 2233900
3095705 14 14 31 READ 2147720832 256 2234440
3095709 14 14 31 READ 2147719808 256 2234910
3096060 12 12 31 READ 2147720960 256 2235380
3096066 12 12 31 READ 2147719936 256 2235850
3096300 8 8 31 READ 2147720576 256 2236320
3096302 8 8 31 READ 2147719552 256 2236790
3096378 9 9 31 READ 2147728384 256 2237300
3096383 9 9 31 READ 2147727360 256 2237770
3103726 0 0 1 READ 2147741440 256 2250940
3103732 0 0 1 READ 2147740416 256 2251410
3105362 9 9 1 READ 2147732480 256 2255040
3105365 9 9 1 READ 2147731456 256 2255510
3105879 3 3 1 READ 2147741312 256 2256180
3105881 3 3 1 READ 2147740288 256 2256650
3106018 4 4 1 READ 2147741056 256 2257120
3106020 4 4 1 READ 2147740032 256 2257590
3106187 11 11 1 READ 2147740672 256 2258060
3106189 11 11 1 READ 2147739648 256 2258530
3106090 6 6 1 READ 2147733376 256 2259110
3106094 6 6 1 READ 2147732352 256 2259580
3106653 5 5 1 READ 2147733120 256 2260050
3106662 5 5 1 READ 2147732096 256 2260520
3106707 8 8 1 READ 2147732736 256 2260990
3106712 8 8 1 READ 2147731712 256 2261460
3107233 2 2 1 READ 2147741184 256 2261970
3107238 2 2 1 READ 2147740160 256 2262440
3107657 1 1 1 READ 2147740928 256 2262910
3107661 1 1 1 READ 2147739904 256 2263380
3108350 14 14 1 READ 2147740800 256 2263850
3108351 14 14 1 READ 2147739776 256 2264320
3108617 13 13 27 READ 2147712512 256 2264800
3108620 13 13 27 READ 2147711488 256 2265270
3108662 13 13 4 READ 2147739520 256 2265890
3108665 13 13 4 READ 2147738496 256 2266360
3109256 7 7 1 READ 2147732608 256 2267110
3109262 7 7 1 READ 2147731584 256 2267580
3110925 0 0 3 READ 2147745536 256 2273870
3110928 0 0 3 READ 2147744512 256 2274340
3111429 5 5 3 READ 2147737216 256 2276050
3111434 5 5 3 READ 2147736192 256 2276520
3111521 6 6 3 READ 2147737472 256 2276990
3111523 6 6 3 READ 2147736448 256 2277460
3112045 11 11 3 READ 2147744768 256 2279090
3112048 11 11 3 READ 2147743744 256 2279560
3112241 3 3 3 READ 2147745408 256 2280190
3112246 3 3 3 READ 2147744384 256 2280670
3112479 10 10 3 READ 2147736960 256 2281420
3112480 10 10 3 READ 2147735936 256 2281890
3112532 12 12 3 READ 2147737088 256 2282360
3112536 12 12 3 READ 2147736064 256 2282830
3112557 9 9 3 READ 2147736576 256 2283300
3112558 9 9 3 READ 2147735552 256 2283770
3112692 8 8 3 READ 2147736832 256 2284240
3112693 8 8 3 READ 2147735808 256 2284710
3112502 1 1 3 READ 2147745024 256 2285220
3112505 1 1 3 READ 2147744000 256 2285690
3113063 14 14 3 READ 2147744896 256 2286480
3113064 14 14 3 READ 2147743872 256 2286950
3113715 13 13 29 READ 2147716992 256 2295760
3113716 13 13 29 READ 2147715968 256 2296230
3116315 13 13 1 READ 2147733248 256 2345420
3116316 13 13 1 READ 2147732224 256 2345890
3117058 13 13 3 READ 2147737344 256 2365740
3117059 13 13 3 READ 2147736320 256 2366210
3117648 13 13 5 READ 2147741568 256 2389740
3117650 13 13 5 READ 2147740544 256 2390210
3117939 13 13 7 READ 2147745664 256 2412140
3117940 13 13 7 READ 2147744640 256 2412610
