1 0 0 1 READ 4026531840 128 170
1372 4 4 1 READ 0 128 4140
3429 3 3 1 READ 4026531968 128 7310
7613 1 1 1 READ 256 128 11600
8021 1 1 1 READ 4026532096 128 14290
19353 1 1 4 READ 4026532224 128 18900
51685 1 1 2 READ 384 128 41910
88202 2 2 0 READ 512 128 67960
124958 13 13 0 READ 640 128 94170
161686 2 2 0 READ 768 128 120220
198481 13 13 0 READ 896 128 146270
235087 10 10 0 READ 1024 128 172320
271735 12 12 0 READ 1152 128 198370
308190 12 12 0 READ 1280 128 224260
344625 9 9 0 READ 1408 128 250310
381465 0 0 0 READ 1536 128 276360
417859 6 6 0 READ 1664 128 302410
454463 14 14 0 READ 1792 128 328300
490995 14 14 0 READ 1920 128 354350
527691 3 3 0 READ 2048 128 380400
564489 3 3 0 READ 2176 128 406450
600797 13 13 0 READ 2304 128 432340
637213 3 3 0 READ 2432 128 458230
673612 3 3 0 READ 2560 128 484120
710155 0 0 0 READ 2688 128 510010
746132 1 1 0 READ 2816 128 535740
782704 2 2 0 READ 2944 128 561790
819416 2 2 0 READ 3072 128 587840
855809 6 6 0 READ 3200 128 613570
892063 8 8 0 READ 3328 128 639460
931080 6 6 0 READ 4026532352 128 667430
935284 5 5 4 READ 2147501440 128 670520
935307 5 5 4 READ 2147500416 128 670970
935607 3 3 4 READ 2147501184 128 671420
935628 8 8 4 READ 2147501824 128 671870
935623 3 3 4 READ 2147500160 128 672320
935574 6 6 4 READ 2147501568 128 672770
935644 8 8 4 READ 2147500800 128 673220
935748 2 2 4 READ 2147501056 128 673670
935593 6 6 4 READ 2147500544 128 674120
935770 2 2 4 READ 2147500032 128 674570
936133 9 9 4 READ 2147501952 128 675020
936155 9 9 4 READ 2147500928 128 675470
936383 4 4 4 READ 2147501312 128 675920
936401 4 4 4 READ 2147500288 128 676370
936546 7 7 4 READ 2147501696 128 676820
936566 7 7 4 READ 2147500672 128 677270
935457 5 5 12 READ 2147533952 128 677730
935474 5 5 12 READ 2147532928 128 678180
935611 6 6 12 READ 2147534080 128 678630
935627 6 6 12 READ 2147533056 128 679080
936269 10 10 12 READ 2147534592 128 679530
936286 10 10 12 READ 2147533568 128 679980
936284 9 9 12 READ 2147534464 128 680430
936306 9 9 12 READ 2147533440 128 680880
939617 7 7 12 READ 2147534208 128 681330
939632 7 7 12 READ 2147533184 128 681780
940325 8 8 12 READ 2147534336 128 682230
940361 11 11 12 READ 2147534720 128 682680
940342 8 8 12 READ 2147533312 128 683130
940376 11 11 12 READ 2147533696 128 683580
941676 4 4 12 READ 2147533824 128 684030
941689 4 4 12 READ 2147532800 128 684480
935360 5 5 6 READ 2147505536 128 684940
935413 6 6 6 READ 2147505664 128 685390
935377 5 5 6 READ 2147504512 128 685840
935425 6 6 6 READ 2147504640 128 686290
935637 3 3 6 READ 2147505280 128 686740
935653 3 3 6 READ 2147504256 128 687190
935663 8 8 6 READ 2147505920 128 687640
935681 8 8 6 READ 2147504896 128 688090
935857 2 2 6 READ 2147505152 128 688540
936173 9 9 6 READ 2147506048 128 688990
935871 2 2 6 READ 2147504128 128 689440
936194 9 9 6 READ 2147505024 128 689890
936419 4 4 6 READ 2147505408 128 690340
936440 4 4 6 READ 2147504384 128 690790
936600 7 7 6 READ 2147505792 128 691240
936619 7 7 6 READ 2147504768 128 691690
953468 10 10 14 READ 2147538688 128 692150
953479 10 10 14 READ 2147537664 128 692600
957546 6 6 14 READ 2147538176 128 693050
957568 6 6 14 READ 2147537152 128 693500
963582 4 4 14 READ 2147537920 128 693950
963595 4 4 14 READ 2147536896 128 694400
968918 7 7 14 READ 2147538304 128 694850
968931 7 7 14 READ 2147537280 128 695300
969121 8 8 14 READ 2147538432 128 695750
969138 8 8 14 READ 2147537408 128 696200
969210 11 11 14 READ 2147538816 128 696650
969221 11 11 14 READ 2147537792 128 697100
969758 9 9 14 READ 2147538560 128 697550
969772 9 9 14 READ 2147537536 128 698000
973965 5 5 14 READ 2147538048 128 698450
973977 5 5 14 READ 2147537024 128 698900
935880 10 10 4 READ 2147509248 128 699360
935975 11 11 4 READ 2147509376 128 699810
935898 10 10 4 READ 2147508224 128 700260
935993 11 11 4 READ 2147508352 128 700710
935788 2 2 8 READ 2147510144 128 701160
935806 2 2 8 READ 2147509120 128 701610
936333 13 13 4 READ 2147509632 128 702060
936353 13 13 4 READ 2147508608 128 702510
936320 1 1 8 READ 2147510016 128 702960
936336 1 1 8 READ 2147508992 128 703410
936623 12 12 4 READ 2147509504 128 703860
936641 12 12 4 READ 2147508480 128 704310
936703 0 0 4 READ 2147509888 128 704760
936716 0 0 4 READ 2147508864 128 705210
936891 14 14 4 READ 2147509760 128 705660
936904 14 14 4 READ 2147508736 128 706110
936841 0 0 12 READ 2147542400 128 706570
936858 0 0 12 READ 2147541376 128 707020
938303 14 14 12 READ 2147542272 128 707470
938319 14 14 12 READ 2147541248 128 707920
939433 13 13 12 READ 2147542144 128 708370
939446 13 13 12 READ 2147541120 128 708820
939654 12 12 12 READ 2147542016 128 709270
939669 12 12 12 READ 2147540992 128 709720
935912 10 10 6 READ 2147513344 128 710180
935934 10 10 6 READ 2147512320 128 710630
935825 2 2 10 READ 2147514240 128 711080
936051 11 11 6 READ 2147513472 128 711530
935841 2 2 10 READ 2147513216 128 711980
936066 11 11 6 READ 2147512448 128 712430
936374 13 13 6 READ 2147513728 128 712880
936392 13 13 6 READ 2147512704 128 713330
936357 1 1 10 READ 2147514112 128 713780
936381 1 1 10 READ 2147513088 128 714230
936659 12 12 6 READ 2147513600 128 714680
936679 12 12 6 READ 2147512576 128 715130
936736 0 0 6 READ 2147513984 128 715580
936752 0 0 6 READ 2147512960 128 716030
936923 14 14 6 READ 2147513856 128 716480
936940 14 14 6 READ 2147512832 128 716930
954840 12 12 14 READ 2147546112 128 717390
954856 12 12 14 READ 2147545088 128 717840
955361 14 14 14 READ 2147546368 128 718290
955376 14 14 14 READ 2147545344 128 718740
955524 0 0 14 READ 2147546496 128 719190
955543 0 0 14 READ 2147545472 128 719640
957928 13 13 14 READ 2147546240 128 720090
957943 13 13 14 READ 2147545216 128 720540
935245 5 5 0 READ 2147485184 128 721000
935265 5 5 0 READ 2147484160 128 721450
935345 6 6 0 READ 2147485312 128 721900
935362 6 6 0 READ 2147484288 128 722350
935531 3 3 0 READ 2147484928 128 722800
935558 8 8 0 READ 2147485568 128 723250
935552 3 3 0 READ 2147483904 128 723700
935578 8 8 0 READ 2147484544 128 724150
935673 2 2 0 READ 2147484800 128 724600
935692 2 2 0 READ 2147483776 128 725050
936123 1 1 0 READ 2147484672 128 725500
935777 8 8 1 READ 2147487616 128 725950
936147 1 1 0 READ 2147483648 128 726400
935795 8 8 1 READ 2147486592 128 726850
936300 4 4 0 READ 2147485056 128 727300
936323 4 4 0 READ 2147484032 128 727750
936510 7 7 0 READ 2147485440 128 728200
936528 7 7 0 READ 2147484416 128 728650
936452 1 1 1 READ 2147486720 128 729100
936468 1 1 1 READ 2147485696 128 729550
937712 3 3 1 READ 2147486976 128 730000
937730 3 3 1 READ 2147485952 128 730450
938411 2 2 1 READ 2147486848 128 730900
938429 2 2 1 READ 2147485824 128 731350
940953 5 5 1 READ 2147487232 128 731800
940973 5 5 1 READ 2147486208 128 732250
941040 6 6 1 READ 2147487360 128 732700
941055 6 6 1 READ 2147486336 128 733150
945262 4 4 1 READ 2147487104 128 733600
945280 4 4 1 READ 2147486080 128 734050
946901 7 7 1 READ 2147487488 128 734500
946915 7 7 1 READ 2147486464 128 734950
1001339 9 9 16 READ 2147550720 128 735400
1001356 9 9 16 READ 2147549696 128 735850
1007453 11 11 16 READ 2147550976 128 736300
1007475 11 11 16 READ 2147549952 128 736750
1009258 6 6 16 READ 2147550336 128 737200
1009275 6 6 16 READ 2147549312 128 737650
1018426 10 10 16 READ 2147550848 128 738100
1019418 5 5 16 READ 2147550208 128 738550
1021838 7 7 16 READ 2147550464 128 739050
1018447 10 10 16 READ 2147549824 128 739500
1024517 12 12 16 READ 2147551104 128 740040
1019433 5 5 16 READ 2147549184 128 740490
1021850 7 7 16 READ 2147549440 128 740940
1024532 12 12 16 READ 2147550080 128 741390
1029152 8 8 16 READ 2147550592 128 741840
1029172 8 8 16 READ 2147549568 128 742290
935397 5 5 8 READ 2147517696 128 742750
935441 6 6 8 READ 2147517824 128 743200
935412 5 5 8 READ 2147516672 128 743650
935459 6 6 8 READ 2147516800 128 744100
935675 3 3 8 READ 2147517440 128 744550
935694 3 3 8 READ 2147516416 128 745000
935696 8 8 8 READ 2147518080 128 745450
935719 8 8 8 READ 2147517056 128 745900
935956 10 10 8 READ 2147518336 128 746350
935973 10 10 8 READ 2147517312 128 746800
936212 9 9 8 READ 2147518208 128 747250
936231 9 9 8 READ 2147517184 128 747700
936472 4 4 8 READ 2147517568 128 748150
936489 4 4 8 READ 2147516544 128 748600
936637 7 7 8 READ 2147517952 128 749050
936653 7 7 8 READ 2147516928 128 749500
935326 5 5 2 READ 2147489280 128 749960
935379 6 6 2 READ 2147489408 128 750410
935343 5 5 2 READ 2147488256 128 750860
935399 6 6 2 READ 2147488384 128 751310
935569 3 3 2 READ 2147489024 128 751760
935596 8 8 2 READ 2147489664 128 752210
935588 3 3 2 READ 2147488000 128 752660
935613 8 8 2 READ 2147488640 128 753110
935710 2 2 2 READ 2147488896 128 753560
935728 2 2 2 READ 2147487872 128 754010
936164 1 1 2 READ 2147488768 128 754460
936185 1 1 2 READ 2147487744 128 754910
936342 4 4 2 READ 2147489152 128 755360
936363 4 4 2 READ 2147488128 128 755810
936473 7 7 2 READ 2147489536 128 756260
936494 7 7 2 READ 2147488512 128 756710
971500 3 3 3 READ 2147491072 128 757160
971515 3 3 3 READ 2147490048 128 757610
972549 8 8 3 READ 2147491712 128 758060
972566 8 8 3 READ 2147490688 128 758510
976838 5 5 3 READ 2147491328 128 758960
976852 5 5 3 READ 2147490304 128 759410
978240 1 1 3 READ 2147490816 128 759860
978256 1 1 3 READ 2147489792 128 760310
984211 6 6 3 READ 2147491456 128 760760
984225 6 6 3 READ 2147490432 128 761210
987306 4 4 3 READ 2147491200 128 761900
987322 4 4 3 READ 2147490176 128 762350
990677 2 2 3 READ 2147490944 128 762800
990692 2 2 3 READ 2147489920 128 763250
993278 7 7 3 READ 2147491584 128 763700
993293 7 7 3 READ 2147490560 128 764150
935424 5 5 10 READ 2147521792 128 764610
935476 6 6 10 READ 2147521920 128 765060
935440 5 5 10 READ 2147520768 128 765510
935490 6 6 10 READ 2147520896 128 765960
935712 3 3 10 READ 2147521536 128 766410
935730 3 3 10 READ 2147520512 128 766860
935736 8 8 10 READ 2147522176 128 767310
935756 8 8 10 READ 2147521152 128 767760
935992 10 10 10 READ 2147522432 128 768210
936013 10 10 10 READ 2147521408 128 768660
936249 9 9 10 READ 2147522304 128 769110
936267 9 9 10 READ 2147521280 128 769560
936508 4 4 10 READ 2147521664 128 770010
936525 4 4 10 READ 2147520640 128 770460
936673 7 7 10 READ 2147522048 128 770910
936692 7 7 10 READ 2147521024 128 771360
935816 10 10 0 READ 2147492992 128 771820
935834 10 10 0 READ 2147491968 128 772270
935914 11 11 0 READ 2147493120 128 772720
935936 11 11 0 READ 2147492096 128 773170
936064 9 9 0 READ 2147492864 128 773620
936081 9 9 0 READ 2147491840 128 774070
936255 13 13 0 READ 2147493376 128 774520
936273 13 13 0 READ 2147492352 128 774970
936203 1 1 4 READ 2147493760 128 775420
936221 1 1 4 READ 2147492736 128 775870
936553 12 12 0 READ 2147493248 128 776320
936571 12 12 0 READ 2147492224 128 776770
936629 0 0 0 READ 2147493632 128 777220
936644 0 0 0 READ 2147492608 128 777670
936816 14 14 0 READ 2147493504 128 778120
936839 14 14 0 READ 2147492480 128 778570
937961 11 11 1 READ 2147495168 128 779020
937975 11 11 1 READ 2147494144 128 779470
938188 9 9 1 READ 2147494912 128 779920
938201 9 9 1 READ 2147493888 128 780370
938844 10 10 1 READ 2147495040 128 780820
938857 10 10 1 READ 2147494016 128 781270
940448 12 12 1 READ 2147495296 128 781720
940460 12 12 1 READ 2147494272 128 782170
941232 0 0 1 READ 2147495680 128 782620
941249 0 0 1 READ 2147494656 128 783070
941360 14 14 1 READ 2147495552 128 783520
941376 14 14 1 READ 2147494528 128 783970
942437 13 13 1 READ 2147495424 128 784420
942451 13 13 1 READ 2147494400 128 784870
1003622 13 13 16 READ 2147558400 128 785320
1003637 13 13 16 READ 2147557376 128 786330
1016148 14 14 16 READ 2147558528 128 786780
1016166 14 14 16 READ 2147557504 128 787230
1017935 1 1 5 READ 2147495808 128 787680
1017947 1 1 5 READ 2147494784 128 788130
1018713 0 0 16 READ 2147558656 128 788580
1018723 0 0 16 READ 2147557632 128 789030
935750 3 3 12 READ 2147526528 128 789490
935772 3 3 12 READ 2147525504 128 789940
936085 11 11 8 READ 2147525632 128 790390
936101 11 11 8 READ 2147524608 128 790840
935966 2 2 12 READ 2147526400 128 791290
935985 2 2 12 READ 2147525376 128 791740
936412 13 13 8 READ 2147525888 128 792190
936432 13 13 8 READ 2147524864 128 792640
936397 1 1 12 READ 2147526272 128 793090
936416 1 1 12 READ 2147525248 128 793540
936699 12 12 8 READ 2147525760 128 793990
936713 12 12 8 READ 2147524736 128 794440
936767 0 0 8 READ 2147526144 128 794890
936786 0 0 8 READ 2147525120 128 795340
936953 14 14 8 READ 2147526016 128 795790
936971 14 14 8 READ 2147524992 128 796240
935847 10 10 2 READ 2147497088 128 796700
935862 10 10 2 READ 2147496064 128 797150
936014 11 11 2 READ 2147497216 128 797600
936097 9 9 2 READ 2147496960 128 798050
936033 11 11 2 READ 2147496192 128 798500
936114 9 9 2 READ 2147495936 128 798950
936289 13 13 2 READ 2147497472 128 799400
936312 13 13 2 READ 2147496448 128 799850
936260 1 1 6 READ 2147497856 128 800300
936276 1 1 6 READ 2147496832 128 800750
936587 12 12 2 READ 2147497344 128 801200
936607 12 12 2 READ 2147496320 128 801650
936664 0 0 2 READ 2147497728 128 802100
936683 0 0 2 READ 2147496704 128 802550
936856 14 14 2 READ 2147497600 128 803000
936872 14 14 2 READ 2147496576 128 803450
967460 12 12 3 READ 2147499392 128 803900
967479 12 12 3 READ 2147498368 128 804350
973278 9 9 3 READ 2147499008 128 804800
973294 9 9 3 READ 2147497984 128 805250
974452 0 0 3 READ 2147499776 128 805700
974463 0 0 3 READ 2147498752 128 806150
976633 10 10 3 READ 2147499136 128 806600
976644 10 10 3 READ 2147498112 128 807050
978675 11 11 3 READ 2147499264 128 807500
978686 11 11 3 READ 2147498240 128 807950
982536 13 13 3 READ 2147499520 128 808400
982552 13 13 3 READ 2147498496 128 808850
989930 14 14 3 READ 2147499648 128 809300
989943 14 14 3 READ 2147498624 128 809750
1056368 0 0 18 READ 2147562752 128 810200
1056383 0 0 18 READ 2147561728 128 810740
1063429 14 14 18 READ 2147562624 128 811570
1063446 14 14 18 READ 2147561600 128 812020
1073290 13 13 18 READ 2147562496 128 812470
1073304 13 13 18 READ 2147561472 128 812920
1088596 1 1 7 READ 2147499904 128 813370
1088609 1 1 7 READ 2147498880 128 813820
936116 11 11 10 READ 2147529728 128 814280
936137 11 11 10 READ 2147528704 128 814730
936449 13 13 10 READ 2147529984 128 815180
936464 13 13 10 READ 2147528960 128 815630
936732 12 12 10 READ 2147529856 128 816080
936748 12 12 10 READ 2147528832 128 816530
936801 0 0 10 READ 2147530240 128 816980
936819 0 0 10 READ 2147529216 128 817430
936986 14 14 10 READ 2147530112 128 817880
937004 14 14 10 READ 2147529088 128 818330
957633 1 1 14 READ 2147530368 128 818780
957648 1 1 14 READ 2147529344 128 819230
961403 2 2 14 READ 2147530496 128 819680
961414 2 2 14 READ 2147529472 128 820130
965053 3 3 14 READ 2147530624 128 820580
965072 3 3 14 READ 2147529600 128 821030
1025560 6 6 5 READ 2147503616 128 821490
1025576 6 6 5 READ 2147502592 128 821940
1020504 2 2 5 READ 2147503104 128 822390
1020521 2 2 5 READ 2147502080 128 822840
1025543 4 4 5 READ 2147503360 128 823290
1025558 4 4 5 READ 2147502336 128 823740
1028353 9 9 5 READ 2147504000 128 824190
1028363 9 9 5 READ 2147502976 128 824640
1029680 7 7 5 READ 2147503744 128 825090
1029693 7 7 5 READ 2147502720 128 825540
1026392 3 3 5 READ 2147503232 128 825990
1026408 3 3 5 READ 2147502208 128 826440
1033206 8 8 5 READ 2147503872 128 826890
1033219 8 8 5 READ 2147502848 128 827340
1037174 5 5 5 READ 2147503488 128 827790
1037191 5 5 5 READ 2147502464 128 828240
1120737 9 9 20 READ 2147566976 128 828690
1120748 9 9 20 READ 2147565952 128 829140
1134205 11 11 20 READ 2147567232 128 829590
1134218 11 11 20 READ 2147566208 128 830040
1137899 13 13 20 READ 2147567488 128 830490
1137912 13 13 20 READ 2147566464 128 830940
1139892 6 6 20 READ 2147566592 128 831390
1139908 6 6 20 READ 2147565568 128 831840
1144966 10 10 20 READ 2147567104 128 832290
1144982 10 10 20 READ 2147566080 128 832740
1145481 12 12 20 READ 2147567360 128 833430
1145497 12 12 20 READ 2147566336 128 833880
1151240 8 8 20 READ 2147566848 128 834330
1151255 8 8 20 READ 2147565824 128 834780
1152368 7 7 20 READ 2147566720 128 835230
1152385 7 7 20 READ 2147565696 128 835680
1078448 6 6 7 READ 2147507712 128 836150
1078459 6 6 7 READ 2147506688 128 836600
1078803 2 2 7 READ 2147507200 128 837050
1078816 2 2 7 READ 2147506176 128 837500
1087900 7 7 7 READ 2147507840 128 837950
1087912 7 7 7 READ 2147506816 128 838400
1093712 5 5 7 READ 2147507584 128 838850
1093726 5 5 7 READ 2147506560 128 839300
1097153 8 8 7 READ 2147507968 128 839750
1097168 8 8 7 READ 2147506944 128 840200
1096906 9 9 7 READ 2147508096 128 840650
1096921 9 9 7 READ 2147507072 128 841100
1101582 3 3 7 READ 2147507328 128 841550
1101600 3 3 7 READ 2147506304 128 842000
1109864 4 4 7 READ 2147507456 128 842450
1109878 4 4 7 READ 2147506432 128 842900
1017429 12 12 5 READ 2147511552 128 843370
1017443 12 12 5 READ 2147510528 128 843820
1023980 11 11 5 READ 2147511424 128 844270
1023988 11 11 5 READ 2147510400 128 844720
1024691 14 14 5 READ 2147511808 128 845170
1024703 14 14 5 READ 2147510784 128 845620
1028190 0 0 5 READ 2147511936 128 846070
1028204 0 0 5 READ 2147510912 128 846520
1029586 13 13 5 READ 2147511680 128 846970
1029605 13 13 5 READ 2147510656 128 847420
1032297 10 10 5 READ 2147511296 128 847870
1032311 10 10 5 READ 2147510272 128 848320
1125709 0 0 20 READ 2147574912 128 848770
1125722 0 0 20 READ 2147573888 128 849220
1140677 14 14 20 READ 2147574784 128 849670
1140695 14 14 20 READ 2147573760 128 850120
1161920 2 2 9 READ 2147512192 128 850570
1161934 2 2 9 READ 2147511168 128 851020
1171088 1 1 9 READ 2147512064 128 851470
1171104 1 1 9 READ 2147511040 128 851920
1007067 1 1 16 READ 2147542528 128 852380
1007081 1 1 16 READ 2147541504 128 852830
1009291 4 4 16 READ 2147542912 128 853280
1009309 4 4 16 READ 2147541888 128 853730
1010149 3 3 16 READ 2147542784 128 854180
1010163 3 3 16 READ 2147541760 128 854630
1013527 2 2 16 READ 2147542656 128 855080
1013546 2 2 16 READ 2147541632 128 855530
1074403 13 13 7 READ 2147515776 128 855990
1074420 13 13 7 READ 2147514752 128 856440
1086750 10 10 7 READ 2147515392 128 856890
1086763 10 10 7 READ 2147514368 128 857340
1088490 0 0 7 READ 2147516032 128 857790
1088510 0 0 7 READ 2147515008 128 858240
1092315 12 12 7 READ 2147515648 128 858690
1092330 12 12 7 READ 2147514624 128 859140
1100639 14 14 7 READ 2147515904 128 859590
1100658 14 14 7 READ 2147514880 128 860040
1108319 11 11 7 READ 2147515520 128 860490
1108337 11 11 7 READ 2147514496 128 860940
1202039 14 14 22 READ 2147578880 128 861390
1202055 14 14 22 READ 2147577856 128 861840
1203889 0 0 22 READ 2147579008 128 862290
1203907 0 0 22 READ 2147577984 128 862740
1054548 3 3 18 READ 2147546880 128 863200
1054562 3 3 18 READ 2147545856 128 863650
1064150 4 4 18 READ 2147547008 128 864100
1064162 4 4 18 READ 2147545984 128 864550
1066094 2 2 18 READ 2147546752 128 865000
1066110 2 2 18 READ 2147545728 128 865450
1066676 1 1 18 READ 2147546624 128 865900
1066694 1 1 18 READ 2147545600 128 866350
1148479 10 10 9 READ 2147520384 128 866820
1148493 10 10 9 READ 2147519360 128 867270
1165376 7 7 9 READ 2147520000 128 867720
1165394 7 7 9 READ 2147518976 128 868170
1166482 5 5 9 READ 2147519744 128 868620
1166496 5 5 9 READ 2147518720 128 869070
1169073 8 8 9 READ 2147520128 128 869520
1169085 8 8 9 READ 2147519104 128 869970
1170428 6 6 9 READ 2147519872 128 870420
1170444 6 6 9 READ 2147518848 128 870870
1173679 3 3 9 READ 2147519488 128 871320
1173693 3 3 9 READ 2147518464 128 871770
1181912 9 9 9 READ 2147520256 128 872220
1181932 9 9 9 READ 2147519232 128 872670
1190980 4 4 9 READ 2147519616 128 873120
1190993 4 4 9 READ 2147518592 128 873570
1070064 8 8 18 READ 2147554688 128 874030
1070080 8 8 18 READ 2147553664 128 874480
1071688 7 7 18 READ 2147554560 128 874930
1071703 7 7 18 READ 2147553536 128 875380
1074370 11 11 18 READ 2147555072 128 875830
1074386 11 11 18 READ 2147554048 128 876280
1075506 6 6 18 READ 2147554432 128 876730
1075524 6 6 18 READ 2147553408 128 877180
1076174 12 12 18 READ 2147555200 128 877630
1076188 12 12 18 READ 2147554176 128 878080
1076555 5 5 18 READ 2147554304 128 878530
1076571 5 5 18 READ 2147553280 128 878980
1077870 9 9 18 READ 2147554816 128 879430
1077885 9 9 18 READ 2147553792 128 879880
1079465 10 10 18 READ 2147554944 128 880330
1079479 10 10 18 READ 2147553920 128 880780
1223496 3 3 11 READ 2147523584 128 881240
1223515 3 3 11 READ 2147522560 128 881690
1228827 7 7 11 READ 2147524096 128 882140
1228837 7 7 11 READ 2147523072 128 882590
1235301 6 6 11 READ 2147523968 128 883040
1235317 6 6 11 READ 2147522944 128 883490
1120261 2 2 20 READ 2147558912 128 883950
1120280 2 2 20 READ 2147557888 128 884400
1124743 5 5 20 READ 2147559296 128 884850
1124749 5 5 20 READ 2147558272 128 885300
1132919 3 3 20 READ 2147559040 128 885750
1132931 3 3 20 READ 2147558016 128 886200
1140058 4 4 20 READ 2147559168 128 886650
1140077 4 4 20 READ 2147558144 128 887100
1148584 1 1 20 READ 2147558784 128 887550
1148605 1 1 20 READ 2147557760 128 888000
1158232 0 0 9 READ 2147528192 128 888460
1158246 0 0 9 READ 2147527168 128 888910
1167025 11 11 9 READ 2147527680 128 889360
1167040 11 11 9 READ 2147526656 128 889810
1169297 13 13 9 READ 2147527936 128 890260
1169318 13 13 9 READ 2147526912 128 890710
1177937 12 12 9 READ 2147527808 128 891160
1177948 12 12 9 READ 2147526784 128 891610
1188597 14 14 9 READ 2147528064 128 892060
1188613 14 14 9 READ 2147527040 128 892510
1199200 2 2 22 READ 2147563008 128 892970
1199216 2 2 22 READ 2147561984 128 893420
1204952 3 3 22 READ 2147563136 128 893870
1204967 3 3 22 READ 2147562112 128 894320
1214823 5 5 22 READ 2147563392 128 894770
1214835 5 5 22 READ 2147562368 128 895220
1220012 4 4 22 READ 2147563264 128 895670
1220025 4 4 22 READ 2147562240 128 896120
1225518 1 1 22 READ 2147562880 128 896570
1225537 1 1 22 READ 2147561856 128 897020
1212519 13 13 11 READ 2147532032 128 897480
1212536 13 13 11 READ 2147531008 128 897930
1225983 0 0 11 READ 2147532288 128 898380
1225998 0 0 11 READ 2147531264 128 898830
1241776 11 11 11 READ 2147531776 128 899280
1241788 11 11 11 READ 2147530752 128 899730
1245250 12 12 11 READ 2147531904 128 900180
1245266 12 12 11 READ 2147530880 128 900630
1247408 14 14 11 READ 2147532160 128 901080
1247419 14 14 11 READ 2147531136 128 901530
1200953 11 11 22 READ 2147571328 128 902010
1200962 11 11 22 READ 2147570304 128 902460
1203993 7 7 22 READ 2147570816 128 902910
1204008 7 7 22 READ 2147569792 128 903360
1205409 10 10 22 READ 2147571200 128 903810
1205424 10 10 22 READ 2147570176 128 904260
1205602 13 13 22 READ 2147571584 128 904710
1205615 13 13 22 READ 2147570560 128 905160
1214312 12 12 22 READ 2147571456 128 905610
1214326 12 12 22 READ 2147570432 128 906060
1215869 6 6 22 READ 2147570688 128 906510
1215887 6 6 22 READ 2147569664 128 906960
1218980 9 9 22 READ 2147571072 128 907410
1218987 9 9 22 READ 2147570048 128 907860
1223846 8 8 22 READ 2147570944 128 908310
1223860 8 8 22 READ 2147569920 128 908760
1277182 3 3 24 READ 2147575296 128 909230
1277194 3 3 24 READ 2147574272 128 909680
1273660 0 0 13 READ 2147544448 128 910140
1273670 0 0 13 READ 2147543424 128 910590
1237050 2 2 11 READ 2147516288 128 911050
1237067 2 2 11 READ 2147515264 128 911500
1238137 1 1 11 READ 2147516160 128 911950
1238156 1 1 11 READ 2147515136 128 912400
1270568 13 13 24 READ 2147583744 128 912880
1270585 13 13 24 READ 2147582720 128 913330
1271304 11 11 24 READ 2147583488 128 913780
1271320 11 11 24 READ 2147582464 128 914230
1273803 12 12 24 READ 2147583616 128 914680
1273821 12 12 24 READ 2147582592 128 915130
1280826 10 10 24 READ 2147583360 128 915580
1280841 10 10 24 READ 2147582336 128 916030
1284313 7 7 24 READ 2147582976 128 916480
1284324 7 7 24 READ 2147581952 128 916930
1288200 9 9 24 READ 2147583232 128 917380
1288213 9 9 24 READ 2147582208 128 917830
1289860 8 8 24 READ 2147583104 128 918280
1289873 8 8 24 READ 2147582080 128 918730
1291133 14 14 24 READ 2147583872 128 919180
1291146 14 14 24 READ 2147582848 128 919630
1242274 8 8 11 READ 2147524224 128 920100
1242283 8 8 11 READ 2147523200 128 920550
1242441 5 5 11 READ 2147523840 128 921000
1242458 5 5 11 READ 2147522816 128 921450
1247514 9 9 11 READ 2147524352 128 921900
1247526 9 9 11 READ 2147523328 128 922350
1247984 10 10 11 READ 2147524480 128 922800
1248001 10 10 11 READ 2147523456 128 923250
1251088 4 4 11 READ 2147523712 128 923700
1251099 4 4 11 READ 2147522688 128 924150
1272287 3 3 13 READ 2147528576 128 924620
1272304 3 3 13 READ 2147527552 128 925070
1275780 0 0 24 READ 2147591168 128 925520
1275796 0 0 24 READ 2147590144 128 925970
1277133 1 1 13 READ 2147528320 128 926420
1277147 1 1 13 READ 2147527296 128 926870
1288141 2 2 13 READ 2147528448 128 927320
1288157 2 2 13 READ 2147527424 128 927770
1275654 11 11 13 READ 2147536768 128 928260
1275672 11 11 13 READ 2147535744 128 928710
1275877 10 10 13 READ 2147536640 128 929160
1275892 10 10 13 READ 2147535616 128 929610
1279033 6 6 13 READ 2147536128 128 930060
1279047 6 6 13 READ 2147535104 128 930510
1279961 8 8 13 READ 2147536384 128 930960
1279979 8 8 13 READ 2147535360 128 931410
1282649 7 7 13 READ 2147536256 128 931860
1282666 7 7 13 READ 2147535232 128 932310
1288068 5 5 13 READ 2147536000 128 932760
1288083 5 5 13 READ 2147534976 128 933210
1288625 9 9 13 READ 2147536512 128 933660
1288636 9 9 13 READ 2147535488 128 934110
1290245 4 4 13 READ 2147535872 128 934560
1290262 4 4 13 READ 2147534848 128 935010
1304632 5 5 15 READ 2147540096 128 935480
1304649 5 5 15 READ 2147539072 128 935930
1305360 8 8 15 READ 2147540480 128 936380
1305376 8 8 15 READ 2147539456 128 936830
1305928 6 6 15 READ 2147540224 128 937280
1305943 6 6 15 READ 2147539200 128 937730
1306938 4 4 15 READ 2147539968 128 938180
1306953 4 4 15 READ 2147538944 128 938630
1307720 7 7 15 READ 2147540352 128 939080
1307739 7 7 15 READ 2147539328 128 939530
1311435 10 10 15 READ 2147540736 128 939980
1311449 10 10 15 READ 2147539712 128 940430
1312534 11 11 15 READ 2147540864 128 940880
1312549 11 11 15 READ 2147539840 128 941330
1313580 9 9 15 READ 2147540608 128 941780
1313598 9 9 15 READ 2147539584 128 942230
1282646 5 5 24 READ 2147575552 128 942690
1282663 5 5 24 READ 2147574528 128 943140
1282962 4 4 24 READ 2147575424 128 943590
1282976 4 4 24 READ 2147574400 128 944040
1290503 6 6 24 READ 2147575680 128 944490
1290513 6 6 24 READ 2147574656 128 944940
1292644 2 2 24 READ 2147575168 128 945390
1292658 2 2 24 READ 2147574144 128 945840
1293674 1 1 24 READ 2147575040 128 946290
1293690 1 1 24 READ 2147574016 128 946740
1280608 12 12 13 READ 2147544064 128 947200
1280625 12 12 13 READ 2147543040 128 947650
1282348 14 14 13 READ 2147544320 128 948100
1282364 14 14 13 READ 2147543296 128 948550
1285612 13 13 13 READ 2147544192 128 949000
1285627 13 13 13 READ 2147543168 128 949450
1334580 1 1 17 READ 2147544576 128 949900
1334595 1 1 17 READ 2147543552 128 950350
1293004 0 0 15 READ 2147548544 128 950820
1293022 0 0 15 READ 2147547520 128 951270
1300606 13 13 15 READ 2147548288 128 951720
1300623 13 13 15 READ 2147547264 128 952170
1311793 14 14 15 READ 2147548416 128 952620
1311808 14 14 15 READ 2147547392 128 953070
1317594 12 12 15 READ 2147548160 128 953520
1317607 12 12 15 READ 2147547136 128 953970
1335089 12 12 17 READ 2147553152 128 954430
1335104 12 12 17 READ 2147552128 128 954880
1336329 8 8 17 READ 2147552640 128 955330
1336344 8 8 17 READ 2147551616 128 955780
1337278 9 9 17 READ 2147552768 128 956230
1337293 9 9 17 READ 2147551744 128 956680
1340404 6 6 17 READ 2147552384 128 957130
1340418 6 6 17 READ 2147551360 128 957580
1332778 13 13 17 READ 2147560448 128 958070
1332793 13 13 17 READ 2147559424 128 958520
1337028 14 14 17 READ 2147560576 128 958970
1337045 14 14 17 READ 2147559552 128 959420
1311989 3 3 15 READ 2147532672 128 959900
1312007 3 3 15 READ 2147531648 128 960350
1315811 1 1 15 READ 2147532416 128 960800
1315831 1 1 15 READ 2147531392 128 961250
1316352 2 2 15 READ 2147532544 128 961700
1316366 2 2 15 READ 2147531520 128 962150
1345308 4 4 17 READ 2147544960 128 962660
1345326 4 4 17 READ 2147543936 128 963110
1345864 3 3 17 READ 2147544832 128 963560
1345883 3 3 17 READ 2147543808 128 964010
1349444 2 2 17 READ 2147544704 128 964460
1349466 2 2 17 READ 2147543680 128 964910
1348282 7 7 17 READ 2147552512 128 965390
1348295 7 7 17 READ 2147551488 128 965840
1351630 11 11 17 READ 2147553024 128 966290
1351645 11 11 17 READ 2147552000 128 966740
1352530 5 5 17 READ 2147552256 128 967190
1352545 5 5 17 READ 2147551232 128 967640
1361311 10 10 17 READ 2147552896 128 968090
1361327 10 10 17 READ 2147551872 128 968540
1355981 0 0 17 READ 2147560704 128 969030
1355997 0 0 17 READ 2147559680 128 969480
1373301 4 4 26 READ 2147579520 128 975790
1373318 4 4 26 READ 2147578496 128 976240
1381657 10 10 26 READ 2147587456 128 981700
1381678 10 10 26 READ 2147586432 128 982150
1382239 14 14 26 READ 2147587968 128 982600
1382256 14 14 26 READ 2147586944 128 983050
1383348 9 9 26 READ 2147587328 128 983500
1383363 9 9 26 READ 2147586304 128 983950
1384295 7 7 26 READ 2147587072 128 984400
1384308 7 7 26 READ 2147586048 128 984850
1386366 11 11 26 READ 2147587584 128 985300
1386383 11 11 26 READ 2147586560 128 985750
1384985 0 0 26 READ 2147595264 128 986240
1385000 0 0 26 READ 2147594240 128 986690
1390439 1 1 26 READ 2147579136 128 988010
1390456 1 1 26 READ 2147578112 128 988460
1391282 5 5 26 READ 2147579648 128 988910
1391297 5 5 26 READ 2147578624 128 989360
1391491 12 12 26 READ 2147587712 128 989860
1391503 12 12 26 READ 2147586688 128 990310
1393670 6 6 26 READ 2147579776 128 990870
1393687 6 6 26 READ 2147578752 128 991320
1394658 3 3 26 READ 2147579392 128 991770
1394678 3 3 26 READ 2147578368 128 992220
1397125 12 12 19 READ 2147557248 128 992710
1397134 12 12 19 READ 2147556224 128 993160
1399050 2 2 26 READ 2147579264 128 994050
1399068 2 2 26 READ 2147578240 128 994500
1401262 13 13 26 READ 2147587840 128 995480
1401277 13 13 26 READ 2147586816 128 995930
1401351 8 8 26 READ 2147587200 128 996380
1401363 8 8 26 READ 2147586176 128 996830
1402047 4 4 19 READ 2147549056 128 997400
1402059 4 4 19 READ 2147548032 128 997850
1405683 8 8 19 READ 2147556736 128 998650
1405697 8 8 19 READ 2147555712 128 999100
1407669 5 5 19 READ 2147556352 128 1000030
1407685 5 5 19 READ 2147555328 128 1000480
1408238 9 9 19 READ 2147556864 128 1000930
1408251 9 9 19 READ 2147555840 128 1001380
1412804 11 11 19 READ 2147557120 128 1003750
1412818 11 11 19 READ 2147556096 128 1004200
1413193 13 13 19 READ 2147564544 128 1004690
1413206 13 13 19 READ 2147563520 128 1005140
1415494 3 3 19 READ 2147548928 128 1005680
1415511 3 3 19 READ 2147547904 128 1006130
1416154 14 14 19 READ 2147564672 128 1006650
1416172 14 14 19 READ 2147563648 128 1007100
1419109 6 6 19 READ 2147556480 128 1007990
1419121 6 6 19 READ 2147555456 128 1008440
1420550 10 10 19 READ 2147556992 128 1008890
1420565 10 10 19 READ 2147555968 128 1009340
1425311 0 0 19 READ 2147564800 128 1012070
1425330 0 0 19 READ 2147563776 128 1012520
1426734 1 1 19 READ 2147548672 128 1013060
1426750 1 1 19 READ 2147547648 128 1013510
1431889 2 2 19 READ 2147548800 128 1016680
1431904 2 2 19 READ 2147547776 128 1017130
1438594 7 7 19 READ 2147556608 128 1021290
1438612 7 7 19 READ 2147555584 128 1021740
1520674 8 8 21 READ 2147568896 128 1079530
1520686 8 8 21 READ 2147567872 128 1079980
1521671 13 13 21 READ 2147569536 128 1080430
1521687 13 13 21 READ 2147568512 128 1080880
1524047 14 14 21 READ 2147576832 128 1081850
1524065 14 14 21 READ 2147575808 128 1082300
1526953 12 12 21 READ 2147569408 128 1083990
1526968 12 12 21 READ 2147568384 128 1084440
1528692 11 11 21 READ 2147569280 128 1085210
1528708 11 11 21 READ 2147568256 128 1085660
1537043 9 9 21 READ 2147569024 128 1091070
1537058 9 9 21 READ 2147568000 128 1091520
1544999 5 5 21 READ 2147561344 128 1096730
1545019 5 5 21 READ 2147560320 128 1097180
1545195 14 14 28 READ 2147600128 128 1097680
1545211 14 14 28 READ 2147599104 128 1098130
1550557 1 1 28 READ 2147591296 128 1100620
1550565 1 1 28 READ 2147590272 128 1101070
1551502 10 10 21 READ 2147569152 128 1101550
1551516 10 10 21 READ 2147568128 128 1102000
1551493 4 4 21 READ 2147561216 128 1102570
1551512 4 4 21 READ 2147560192 128 1103020
1552835 5 5 28 READ 2147591808 128 1103480
1552851 5 5 28 READ 2147590784 128 1103930
1553045 4 4 28 READ 2147591680 128 1104380
1553060 4 4 28 READ 2147590656 128 1104830
1558234 2 2 28 READ 2147591424 128 1106080
1558248 2 2 28 READ 2147590400 128 1106530
1558554 3 3 28 READ 2147591552 128 1106980
1558571 3 3 28 READ 2147590528 128 1107430
1558536 11 11 28 READ 2147599744 128 1107920
1558549 11 11 28 READ 2147598720 128 1108370
1561631 0 0 21 READ 2147576960 128 1108850
1561646 0 0 21 READ 2147575936 128 1109300
1562739 7 7 28 READ 2147592064 128 1109840
1562756 7 7 28 READ 2147591040 128 1110290
1560977 7 7 21 READ 2147568768 128 1110770
1560994 7 7 21 READ 2147567744 128 1111220
1564210 0 0 28 READ 2147600256 128 1111680
1564229 0 0 28 READ 2147599232 128 1112130
1565643 2 2 21 READ 2147560960 128 1112690
1565660 2 2 21 READ 2147559936 128 1113140
1566949 6 6 28 READ 2147591936 128 1113600
1566965 6 6 28 READ 2147590912 128 1114050
1570269 9 9 28 READ 2147599488 128 1114540
1570285 9 9 28 READ 2147598464 128 1114990
1569821 1 1 21 READ 2147560832 128 1115550
1569839 1 1 21 READ 2147559808 128 1116000
1572397 3 3 21 READ 2147561088 128 1116450
1572411 3 3 21 READ 2147560064 128 1116900
1571805 13 13 28 READ 2147600000 128 1117400
1571822 13 13 28 READ 2147598976 128 1117850
1578835 8 8 28 READ 2147599360 128 1120700
1578848 8 8 28 READ 2147598336 128 1121150
1582861 10 10 28 READ 2147599616 128 1123520
1582875 10 10 28 READ 2147598592 128 1123970
1589587 6 6 21 READ 2147568640 128 1128250
1589594 6 6 21 READ 2147567616 128 1128700
1590866 12 12 28 READ 2147599872 128 1129160
1590883 12 12 28 READ 2147598848 128 1129610
1670078 12 12 23 READ 2147573504 128 1185430
1670097 12 12 23 READ 2147572480 128 1185880
1671536 0 0 30 READ 2147604352 128 1186500
1671549 0 0 30 READ 2147603328 128 1186960
1676730 1 1 30 READ 2147595392 128 1190090
1676744 1 1 30 READ 2147594368 128 1190540
1678040 6 6 30 READ 2147596032 128 1190990
1678059 6 6 30 READ 2147595008 128 1191440
1676916 9 9 23 READ 2147573120 128 1191920
1676928 9 9 23 READ 2147572096 128 1192370
1680010 11 11 30 READ 2147603840 128 1192830
1680028 11 11 30 READ 2147602816 128 1193280
1681800 14 14 30 READ 2147604224 128 1193730
1681818 14 14 30 READ 2147603200 128 1194180
1683718 13 13 30 READ 2147604096 128 1195110
1683733 13 13 30 READ 2147603072 128 1195560
1685288 10 10 23 READ 2147573248 128 1196160
1685303 10 10 23 READ 2147572224 128 1196640
1686126 12 12 30 READ 2147603968 128 1197100
1686137 12 12 30 READ 2147602944 128 1197550
1687023 0 0 23 READ 2147581056 128 1198030
1687040 0 0 23 READ 2147580032 128 1198480
1688510 10 10 30 READ 2147603712 128 1199060
1688526 10 10 30 READ 2147602688 128 1199510
1690924 14 14 23 READ 2147580928 128 1199990
1690940 14 14 23 READ 2147579904 128 1200440
1690735 3 3 30 READ 2147595648 128 1200980
1690750 3 3 30 READ 2147594624 128 1201430
1691021 8 8 30 READ 2147603456 128 1201920
1691036 8 8 30 READ 2147602432 128 1202370
1692032 9 9 30 READ 2147603584 128 1202820
1692047 9 9 30 READ 2147602560 128 1203270
1693797 4 4 23 READ 2147565312 128 1203830
1693815 4 4 23 READ 2147564288 128 1204280
1694724 7 7 30 READ 2147596160 128 1204740
1694744 7 7 30 READ 2147595136 128 1205190
1697480 4 4 30 READ 2147595776 128 1205640
1697496 4 4 30 READ 2147594752 128 1206090
1697857 5 5 30 READ 2147595904 128 1206540
1697875 5 5 30 READ 2147594880 128 1206990
1698621 11 11 23 READ 2147573376 128 1207470
1698634 11 11 23 READ 2147572352 128 1207920
1701130 7 7 23 READ 2147572864 128 1208370
1701143 7 7 23 READ 2147571840 128 1208820
1702404 2 2 23 READ 2147565056 128 1209390
1702415 2 2 23 READ 2147564032 128 1209840
1702825 2 2 30 READ 2147595520 128 1210300
1702834 2 2 30 READ 2147594496 128 1210750
1704590 6 6 23 READ 2147572736 128 1211230
1704605 6 6 23 READ 2147571712 128 1211680
1705870 13 13 23 READ 2147573632 128 1212130
1705883 13 13 23 READ 2147572608 128 1212580
1712241 8 8 23 READ 2147572992 128 1214790
1712256 8 8 23 READ 2147571968 128 1215240
1712328 1 1 23 READ 2147564928 128 1215810
1712341 1 1 23 READ 2147563904 128 1216260
1716134 3 3 23 READ 2147565184 128 1217510
1716144 3 3 23 READ 2147564160 128 1217960
1727171 5 5 23 READ 2147565440 128 1225130
1727188 5 5 23 READ 2147564416 128 1225580
1797592 9 9 25 READ 2147585280 128 1275100
1797607 9 9 25 READ 2147584256 128 1275550
1804348 10 10 25 READ 2147585408 128 1279840
1804363 10 10 25 READ 2147584384 128 1280290
1815883 0 0 25 READ 2147593216 128 1288140
1815900 0 0 25 READ 2147592192 128 1288590
1818882 13 13 25 READ 2147585792 128 1290280
1818893 13 13 25 READ 2147584768 128 1290730
1822317 14 14 25 READ 2147585920 128 1292620
1822328 14 14 25 READ 2147584896 128 1293070
1822599 2 2 25 READ 2147577216 128 1293630
1822613 2 2 25 READ 2147576192 128 1294080
1824112 12 12 25 READ 2147585664 128 1294580
1824121 12 12 25 READ 2147584640 128 1295030
1826798 5 5 25 READ 2147577600 128 1295910
1826815 5 5 25 READ 2147576576 128 1296360
1827833 1 1 25 READ 2147577088 128 1296810
1827851 1 1 25 READ 2147576064 128 1297260
1827991 11 11 25 READ 2147585536 128 1297760
1828007 11 11 25 READ 2147584512 128 1298210
1831119 4 4 25 READ 2147577472 128 1298930
1831138 4 4 25 READ 2147576448 128 1299380
1831324 3 3 25 READ 2147577344 128 1299830
1831337 3 3 25 READ 2147576320 128 1300280
1835144 7 7 25 READ 2147585024 128 1301740
1835157 7 7 25 READ 2147584000 128 1302190
1840813 8 8 25 READ 2147585152 128 1305680
1840829 8 8 25 READ 2147584128 128 1306130
1843968 6 6 25 READ 2147577728 128 1307970
1843984 6 6 25 READ 2147576704 128 1308420
1863664 10 10 27 READ 2147589504 128 1321900
1863681 10 10 27 READ 2147588480 128 1322350
1900287 5 5 0 READ 2147607808 128 1347860
1900301 5 5 0 READ 2147606784 128 1348310
1900238 14 14 27 READ 2147590016 128 1348820
1900250 14 14 27 READ 2147588992 128 1349270
1902377 9 9 27 READ 2147589376 128 1349720
1902393 9 9 27 READ 2147588352 128 1350170
1903619 3 3 0 READ 2147607552 128 1350720
1903630 3 3 0 READ 2147606528 128 1351170
1904592 8 8 0 READ 2147607680 128 1351620
1904604 8 8 0 READ 2147606656 128 1352070
1905037 4 4 0 READ 2147608192 128 1352520
1905050 4 4 0 READ 2147607168 128 1352970
1905627 1 1 0 READ 2147607936 128 1353420
1905639 1 1 0 READ 2147606912 128 1353870
1906304 2 2 0 READ 2147608320 128 1354320
1906325 2 2 0 READ 2147607296 128 1354770
1908227 6 6 0 READ 2147608064 128 1355220
1908242 6 6 0 READ 2147607040 128 1355670
1909405 7 7 0 READ 2147608448 128 1356120
1909421 7 7 0 READ 2147607424 128 1356570
1903737 5 5 2 READ 2147611904 128 1357040
1903750 5 5 2 READ 2147610880 128 1357490
1907324 1 1 2 READ 2147612032 128 1357940
1907337 1 1 2 READ 2147611008 128 1358390
1908103 8 8 2 READ 2147611776 128 1358840
1908118 8 8 2 READ 2147610752 128 1359290
1910052 3 3 2 READ 2147611648 128 1359740
1910068 3 3 2 READ 2147610624 128 1360190
1915217 6 6 2 READ 2147612160 128 1360640
1915232 6 6 2 READ 2147611136 128 1361090
1916310 7 7 2 READ 2147612544 128 1361540
1916322 7 7 2 READ 2147611520 128 1361990
1917064 2 2 2 READ 2147612416 128 1362440
1917077 2 2 2 READ 2147611392 128 1362890
1918092 4 4 2 READ 2147612288 128 1363340
1918106 4 4 2 READ 2147611264 128 1363790
1907213 11 11 27 READ 2147589632 128 1364280
1907232 11 11 27 READ 2147588608 128 1364730
1918280 13 13 27 READ 2147589888 128 1365180
1918292 13 13 27 READ 2147588864 128 1365630
1918896 12 12 27 READ 2147589760 128 1366080
1918913 12 12 27 READ 2147588736 128 1366530
1926742 7 7 27 READ 2147589120 128 1366980
1926757 7 7 27 READ 2147588096 128 1367430
1904569 0 0 27 READ 2147597312 128 1367920
1904583 0 0 27 READ 2147596288 128 1368370
1925493 4 4 27 READ 2147581568 128 1368890
1925510 4 4 27 READ 2147580544 128 1369340
1928752 3 3 27 READ 2147581440 128 1369790
1928760 3 3 27 READ 2147580416 128 1370240
1931070 2 2 27 READ 2147581312 128 1370690
1931086 2 2 27 READ 2147580288 128 1371140
1931628 5 5 27 READ 2147581696 128 1371590
1931644 5 5 27 READ 2147580672 128 1372040
1938673 1 1 27 READ 2147581184 128 1374570
1938687 1 1 27 READ 2147580160 128 1375020
1946824 8 8 27 READ 2147589248 128 1380160
1946839 8 8 27 READ 2147588224 128 1380610
1953329 6 6 27 READ 2147581824 128 1384690
1953342 6 6 27 READ 2147580800 128 1385140
1964713 12 12 29 READ 2147601920 128 1392740
1964727 12 12 29 READ 2147600896 128 1393190
1966031 12 12 0 READ 2147615872 128 1393710
1966042 12 12 0 READ 2147614848 128 1394160
1967003 10 10 0 READ 2147616128 128 1394610
1967023 10 10 0 READ 2147615104 128 1395060
1969277 10 10 29 READ 2147601664 128 1395920
1969291 10 10 29 READ 2147600640 128 1396370
1969346 14 14 0 READ 2147616512 128 1396890
1969361 14 14 0 READ 2147615488 128 1397340
1969559 0 0 0 READ 2147616000 128 1397790
1969575 0 0 0 READ 2147614976 128 1398240
1970482 11 11 0 READ 2147616256 128 1398690
1970500 11 11 0 READ 2147615232 128 1399140
1970628 9 9 0 READ 2147615744 128 1399590
1970643 9 9 0 READ 2147614720 128 1400040
1970946 13 13 0 READ 2147616384 128 1400490
1970957 13 13 0 READ 2147615360 128 1400940
1973255 13 13 2 READ 2147620480 128 1401410
1973276 13 13 2 READ 2147619456 128 1401860
1975042 10 10 2 READ 2147620224 128 1402310
1975057 10 10 2 READ 2147619200 128 1402760
1975374 12 12 2 READ 2147619968 128 1403210
1975383 12 12 2 READ 2147618944 128 1403660
1976240 0 0 2 READ 2147620096 128 1404110
1976254 0 0 2 READ 2147619072 128 1404560
1977028 11 11 2 READ 2147620352 128 1405010
1977045 11 11 2 READ 2147619328 128 1405460
1978750 14 14 2 READ 2147620608 128 1405910
1978767 14 14 2 READ 2147619584 128 1406360
1978866 9 9 2 READ 2147619840 128 1406810
1978883 9 9 2 READ 2147618816 128 1407260
1982597 13 13 29 READ 2147602048 128 1407780
1982614 13 13 29 READ 2147601024 128 1408230
1984774 0 0 29 READ 2147602304 128 1408680
1984786 0 0 29 READ 2147601280 128 1409130
1990557 11 11 29 READ 2147601792 128 1410860
1990572 11 11 29 READ 2147600768 128 1411310
1992805 1 1 4 READ 2147616640 128 1412470
1992815 1 1 4 READ 2147615616 128 1412920
1993246 14 14 29 READ 2147602176 128 1413460
1993260 14 14 29 READ 2147601152 128 1413910
1997463 9 9 29 READ 2147601536 128 1415800
1997475 9 9 29 READ 2147600512 128 1416250
2001640 2 2 29 READ 2147593472 128 1418740
2001651 2 2 29 READ 2147592448 128 1419190
2003930 3 3 29 READ 2147593600 128 1420280
2003945 3 3 29 READ 2147592576 128 1420730
2009352 4 4 29 READ 2147593728 128 1424220
2009363 4 4 29 READ 2147592704 128 1424670
2011434 6 6 29 READ 2147593984 128 1425760
2011447 6 6 29 READ 2147592960 128 1426210
2013200 1 1 6 READ 2147620736 128 1426950
2013212 1 1 6 READ 2147619712 128 1427400
2019823 1 1 29 READ 2147593344 128 1431720
2019848 7 7 29 READ 2147594112 128 1432170
2019841 1 1 29 READ 2147592320 128 1432620
2019864 7 7 29 READ 2147593088 128 1433070
2021224 2 2 4 READ 2147624064 128 1433670
2021238 2 2 4 READ 2147623040 128 1434150
2021575 6 6 4 READ 2147623936 128 1434600
2021592 6 6 4 READ 2147622912 128 1435050
2024260 7 7 4 READ 2147624192 128 1435500
2024281 7 7 4 READ 2147623168 128 1435950
2025786 5 5 4 READ 2147624320 128 1436400
2025798 5 5 4 READ 2147623296 128 1436850
2027567 8 8 4 READ 2147624448 128 1437300
2027583 8 8 4 READ 2147623424 128 1437750
2028477 5 5 29 READ 2147593856 128 1438210
2028492 5 5 29 READ 2147592832 128 1438660
2029031 8 8 29 READ 2147601408 128 1439150
2029044 8 8 29 READ 2147600384 128 1439600
2030971 4 4 4 READ 2147624832 128 1440160
2030980 4 4 4 READ 2147623808 128 1440610
2031162 2 2 6 READ 2147628160 128 1441080
2031177 2 2 6 READ 2147627136 128 1441530
2034629 9 9 4 READ 2147624576 128 1442120
2034641 9 9 4 READ 2147623552 128 1442570
2036215 3 3 4 READ 2147624704 128 1443180
2036234 3 3 4 READ 2147623680 128 1443650
2036145 5 5 6 READ 2147628416 128 1444120
2036163 5 5 6 READ 2147627392 128 1444570
2037295 6 6 6 READ 2147628032 128 1445020
2037308 6 6 6 READ 2147627008 128 1445470
2037705 7 7 6 READ 2147628288 128 1445920
2037722 7 7 6 READ 2147627264 128 1446370
2041188 0 0 31 READ 2147606400 128 1446870
2041209 0 0 31 READ 2147605376 128 1447320
2041817 14 14 31 READ 2147606272 128 1447770
2041835 14 14 31 READ 2147605248 128 1448220
2042996 4 4 6 READ 2147628928 128 1448780
2043012 4 4 6 READ 2147627904 128 1449230
2044502 13 13 31 READ 2147606144 128 1449730
2044519 13 13 31 READ 2147605120 128 1450180
2047626 8 8 6 READ 2147628544 128 1451220
2047642 8 8 6 READ 2147627520 128 1451670
2047905 13 13 4 READ 2147632128 128 1452140
2047916 13 13 4 READ 2147631104 128 1452590
2049556 12 12 31 READ 2147606016 128 1453070
2049569 12 12 31 READ 2147604992 128 1453520
2049488 9 9 6 READ 2147628672 128 1454080
2049510 9 9 6 READ 2147627648 128 1454530
2049711 3 3 6 READ 2147628800 128 1454980
2049729 3 3 6 READ 2147627776 128 1455430
2051521 10 10 4 READ 2147632256 128 1455900
2051537 10 10 4 READ 2147631232 128 1456350
2051608 0 0 4 READ 2147632384 128 1456800
2051626 0 0 4 READ 2147631360 128 1457250
2052415 14 14 4 READ 2147632640 128 1457700
2052428 14 14 4 READ 2147631616 128 1458150
2054400 12 12 4 READ 2147632512 128 1458600
2054415 12 12 4 READ 2147631488 128 1459050
2055128 11 11 4 READ 2147632768 128 1459500
2055141 11 11 4 READ 2147631744 128 1459950
2059302 13 13 6 READ 2147636224 128 1460420
2059312 13 13 6 READ 2147635200 128 1460870
2062107 0 0 6 READ 2147636480 128 1461320
2062119 0 0 6 READ 2147635456 128 1461770
2053578 11 11 31 READ 2147605888 128 1462230
2053596 11 11 31 READ 2147604864 128 1462680
2063742 10 10 6 READ 2147636352 128 1463280
2063756 10 10 6 READ 2147635328 128 1463760
2064356 12 12 6 READ 2147636608 128 1464210
2064371 12 12 6 READ 2147635584 128 1464660
2066943 11 11 6 READ 2147636864 128 1465110
2066956 11 11 6 READ 2147635840 128 1465560
2066941 9 9 31 READ 2147605632 128 1466020
2066953 9 9 31 READ 2147604608 128 1466470
2068813 10 10 31 READ 2147605760 128 1466920
2068828 10 10 31 READ 2147604736 128 1467370
2070616 14 14 6 READ 2147636736 128 1467970
2070628 14 14 6 READ 2147635712 128 1468450
2080665 2 2 31 READ 2147597568 128 1474150
2080678 2 2 31 READ 2147596544 128 1474600
2084727 6 6 31 READ 2147598080 128 1477130
2084741 6 6 31 READ 2147597056 128 1477580
2086100 4 4 31 READ 2147597824 128 1478030
2086117 4 4 31 READ 2147596800 128 1478480
2087517 3 3 31 READ 2147597696 128 1478930
2087539 3 3 31 READ 2147596672 128 1479380
2091130 1 1 31 READ 2147597440 128 1481590
2091147 1 1 31 READ 2147596416 128 1482040
2100007 5 5 31 READ 2147597952 128 1487610
2100023 5 5 31 READ 2147596928 128 1488060
2107514 8 8 31 READ 2147605504 128 1492870
2107529 8 8 31 READ 2147604480 128 1493320
2113334 6 6 8 READ 2147640320 128 1496980
2113349 6 6 8 READ 2147639296 128 1497430
2114110 3 3 8 READ 2147632896 128 1498000
2114127 3 3 8 READ 2147631872 128 1498450
2119069 7 7 8 READ 2147633024 128 1501140
2119082 7 7 8 READ 2147632000 128 1501590
2121586 7 7 31 READ 2147598208 128 1502830
2121599 7 7 31 READ 2147597184 128 1503280
2129905 0 0 8 READ 2147640576 128 1508740
2129922 0 0 8 READ 2147639552 128 1509190
2131207 11 11 8 READ 2147640704 128 1509640
2131224 11 11 8 READ 2147639680 128 1510090
2135176 3 3 10 READ 2147636992 128 1512440
2135194 3 3 10 READ 2147635968 128 1512890
2135737 13 13 8 READ 2147640448 128 1513360
2135752 13 13 8 READ 2147639424 128 1513810
2138047 6 6 10 READ 2147644416 128 1514440
2138060 6 6 10 READ 2147643392 128 1514890
2138713 7 7 10 READ 2147637120 128 1515460
2138727 7 7 10 READ 2147636096 128 1515910
2138363 12 12 8 READ 2147640832 128 1516380
2138375 12 12 8 READ 2147639808 128 1516830
2140601 14 14 8 READ 2147640960 128 1517280
2140616 14 14 8 READ 2147639936 128 1517730
2143372 2 2 8 READ 2147641088 128 1518180
2143389 2 2 8 READ 2147640064 128 1518630
2148201 14 14 10 READ 2147645056 128 1521660
2148216 14 14 10 READ 2147644032 128 1522110
2154334 1 1 8 READ 2147641216 128 1525900
2154350 1 1 8 READ 2147640192 128 1526350
2154956 0 0 10 READ 2147644672 128 1526820
2154975 0 0 10 READ 2147643648 128 1527270
2156782 13 13 10 READ 2147644544 128 1527720
2156799 13 13 10 READ 2147643520 128 1528170
2158853 4 4 8 READ 2147649024 128 1529130
2158865 4 4 8 READ 2147648000 128 1529580
2159451 11 11 10 READ 2147644800 128 1530160
2159470 11 11 10 READ 2147643776 128 1530610
2160759 8 8 8 READ 2147648512 128 1531090
2160772 8 8 8 READ 2147647488 128 1531540
2162280 9 9 8 READ 2147648768 128 1531990
2162293 9 9 8 READ 2147647744 128 1532440
2162510 10 10 8 READ 2147648896 128 1532890
2162528 10 10 8 READ 2147647872 128 1533340
2164274 5 5 8 READ 2147648640 128 1533790
2164287 5 5 8 READ 2147647616 128 1534240
2163423 12 12 10 READ 2147644928 128 1534820
2163437 12 12 10 READ 2147643904 128 1535270
2167400 1 1 10 READ 2147645312 128 1535720
2167417 1 1 10 READ 2147644288 128 1536170
2172816 2 2 10 READ 2147645184 128 1539020
2172834 2 2 10 READ 2147644160 128 1539470
2181957 2 2 1 READ 2147610368 128 1545510
2181975 2 2 1 READ 2147609344 128 1545960
2182168 10 10 10 READ 2147652992 128 1546470
2182177 10 10 10 READ 2147651968 128 1546920
2182906 5 5 10 READ 2147652736 128 1547370
2182924 5 5 10 READ 2147651712 128 1547820
2183534 8 8 10 READ 2147652608 128 1548270
2183550 8 8 10 READ 2147651584 128 1548720
2183815 4 4 10 READ 2147653120 128 1549170
2183828 4 4 10 READ 2147652096 128 1549620
2187450 9 9 10 READ 2147652864 128 1550070
2187466 9 9 10 READ 2147651840 128 1550520
2183575 6 6 1 READ 2147610112 128 1551070
2183588 6 6 1 READ 2147609088 128 1551520
2191663 0 0 1 READ 2147618048 128 1552320
2191677 0 0 1 READ 2147617024 128 1552770
2199328 13 13 1 READ 2147618432 128 1557700
2199339 13 13 1 READ 2147617408 128 1558150
2200855 14 14 1 READ 2147618560 128 1558920
2200866 14 14 1 READ 2147617536 128 1559370
2201278 8 8 1 READ 2147609728 128 1559950
2201293 8 8 1 READ 2147608704 128 1560400
2207715 5 5 1 READ 2147609856 128 1563730
2207729 5 5 1 READ 2147608832 128 1564180
2209180 1 1 1 READ 2147609984 128 1564790
2209192 1 1 1 READ 2147608960 128 1565260
2211531 11 11 1 READ 2147618304 128 1566380
2211547 11 11 1 READ 2147617280 128 1566830
2212760 12 12 1 READ 2147617920 128 1567280
2212775 12 12 1 READ 2147616896 128 1567730
2214143 10 10 1 READ 2147618176 128 1568340
2214155 10 10 1 READ 2147617152 128 1568810
2214757 4 4 1 READ 2147610240 128 1569390
2214769 4 4 1 READ 2147609216 128 1569840
2216340 7 7 1 READ 2147610496 128 1570290
2216359 7 7 1 READ 2147609472 128 1570740
2216417 3 3 1 READ 2147609600 128 1571190
2216439 3 3 1 READ 2147608576 128 1571640
2223625 10 10 12 READ 2147656960 128 1575050
2223638 10 10 12 READ 2147655936 128 1575500
2224549 5 5 12 READ 2147649152 128 1576070
2224571 5 5 12 READ 2147648128 128 1576520
2225078 4 4 12 READ 2147656704 128 1577010
2225096 4 4 12 READ 2147655680 128 1577460
2228867 7 7 12 READ 2147656832 128 1578710
2228882 7 7 12 READ 2147655808 128 1579160
2231998 9 9 1 READ 2147617792 128 1580840
2232009 9 9 1 READ 2147616768 128 1581290
2233608 9 9 12 READ 2147657216 128 1582110
2233623 9 9 12 READ 2147656192 128 1582560
2238424 8 8 12 READ 2147649280 128 1585530
2238439 8 8 12 READ 2147648256 128 1585980
2240125 11 11 12 READ 2147657088 128 1586630
2240140 11 11 12 READ 2147656064 128 1587080
2241238 14 14 12 READ 2147657600 128 1587530
2241252 14 14 12 READ 2147656576 128 1587980
2241661 6 6 12 READ 2147649408 128 1588550
2241672 6 6 12 READ 2147648384 128 1589000
2242694 0 0 12 READ 2147657344 128 1589490
2242715 0 0 12 READ 2147656320 128 1589940
2245777 12 12 12 READ 2147664896 128 1590590
2245788 12 12 12 READ 2147663872 128 1591040
2250236 1 1 12 READ 2147665152 128 1593730
2250254 1 1 12 READ 2147664128 128 1594180
2252979 13 13 12 READ 2147657472 128 1595870
2252989 13 13 12 READ 2147656448 128 1596320
2255260 3 3 12 READ 2147665024 128 1597290
2255279 3 3 12 READ 2147664000 128 1597740
2256758 2 2 12 READ 2147665280 128 1598350
2256772 2 2 12 READ 2147664256 128 1598820
2256822 10 10 14 READ 2147661056 128 1599420
2256832 10 10 14 READ 2147660032 128 1599870
2261921 8 8 14 READ 2147653376 128 1602040
2261934 8 8 14 READ 2147652352 128 1602490
2267854 5 5 14 READ 2147653248 128 1606300
2267868 5 5 14 READ 2147652224 128 1606750
2268018 4 4 14 READ 2147660800 128 1607240
2268032 4 4 14 READ 2147659776 128 1607690
2271667 7 7 14 READ 2147660928 128 1608940
2271679 7 7 14 READ 2147659904 128 1609390
2272575 11 11 14 READ 2147661184 128 1609840
2272590 11 11 14 READ 2147660160 128 1610290
2274931 9 9 14 READ 2147661312 128 1611220
2274949 9 9 14 READ 2147660288 128 1611670
2275132 2 2 14 READ 2147669376 128 1612160
2275151 2 2 14 READ 2147668352 128 1612610
2276852 3 3 14 READ 2147669120 128 1613060
2276863 3 3 14 READ 2147668096 128 1613510
2276457 6 6 14 READ 2147653504 128 1614040
2276473 6 6 14 READ 2147652480 128 1614490
2279674 13 13 3 READ 2147622528 128 1615090
2279694 13 13 3 READ 2147621504 128 1615540
2281996 13 13 14 READ 2147661568 128 1616240
2282014 13 13 14 READ 2147660544 128 1616690
2282198 14 14 14 READ 2147661696 128 1617140
2282210 14 14 14 READ 2147660672 128 1617590
2283846 0 0 14 READ 2147661440 128 1618040
2283865 0 0 14 READ 2147660416 128 1618490
2284385 12 12 14 READ 2147668992 128 1618980
2284400 12 12 14 READ 2147667968 128 1619430
2287240 1 1 14 READ 2147669248 128 1619880
2287253 1 1 14 READ 2147668224 128 1620330
2282428 2 2 3 READ 2147614464 128 1620820
2282439 2 2 3 READ 2147613440 128 1621270
2287178 5 5 3 READ 2147613952 128 1621720
2287193 5 5 3 READ 2147612928 128 1622170
2289238 8 8 3 READ 2147613824 128 1622620
2289254 8 8 3 READ 2147612800 128 1623070
2290823 6 6 3 READ 2147614208 128 1623520
2290839 6 6 3 READ 2147613184 128 1623970
2286296 0 0 3 READ 2147622144 128 1624450
2286310 0 0 3 READ 2147621120 128 1624900
2296658 11 11 3 READ 2147622400 128 1626470
2296677 11 11 3 READ 2147621376 128 1626920
2298560 14 14 3 READ 2147622656 128 1627690
2298579 14 14 3 READ 2147621632 128 1628140
2298830 10 10 3 READ 2147622272 128 1628590
2298847 10 10 3 READ 2147621248 128 1629040
2306612 9 9 3 READ 2147621888 128 1633170
2306625 9 9 3 READ 2147620864 128 1633620
2311659 3 3 3 READ 2147613696 128 1636760
2311672 3 3 3 READ 2147612672 128 1637210
2312037 7 7 3 READ 2147614592 128 1637660
2312050 7 7 3 READ 2147613568 128 1638110
2316894 1 1 3 READ 2147614080 128 1640320
2316908 1 1 3 READ 2147613056 128 1640770
2318755 12 12 3 READ 2147622016 128 1641570
2318771 12 12 3 READ 2147620992 128 1642020
2320238 4 4 3 READ 2147614336 128 1642600
2320255 4 4 3 READ 2147613312 128 1643050
2360277 5 5 16 READ 2147665792 128 1670960
2360297 5 5 16 READ 2147664768 128 1671410
2361808 2 2 16 READ 2147681408 128 1672090
2361820 2 2 16 READ 2147680384 128 1672540
2363206 13 13 16 READ 2147673344 128 1673120
2363223 13 13 16 READ 2147672320 128 1673570
2364122 12 12 16 READ 2147665408 128 1674140
2364133 12 12 16 READ 2147664384 128 1674590
2364423 4 4 16 READ 2147665536 128 1675040
2364442 4 4 16 READ 2147664512 128 1675490
2366507 8 8 16 READ 2147665664 128 1675940
2366521 8 8 16 READ 2147664640 128 1676390
2365497 3 3 16 READ 2147673472 128 1676880
2365512 3 3 16 READ 2147672448 128 1677330
2365465 1 1 16 READ 2147681280 128 1677810
2365482 1 1 16 READ 2147680256 128 1678260
2373085 6 6 16 READ 2147673728 128 1679960
2373101 6 6 16 READ 2147672704 128 1680410
2373521 10 10 16 READ 2147673856 128 1680860
2373538 10 10 16 READ 2147672832 128 1681310
2375669 9 9 16 READ 2147673088 128 1681760
2375684 9 9 16 READ 2147672064 128 1682210
2382839 0 0 16 READ 2147673984 128 1686980
2382853 0 0 16 READ 2147672960 128 1687430
2385964 7 7 16 READ 2147681536 128 1689030
2385980 7 7 16 READ 2147680512 128 1689480
2388362 14 14 16 READ 2147673600 128 1690700
2388375 14 14 16 READ 2147672576 128 1691150
2390831 0 0 5 READ 2147634432 128 1692510
2390843 0 0 5 READ 2147633408 128 1692960
2391739 11 11 16 READ 2147673216 128 1693460
2391756 11 11 16 READ 2147672192 128 1693910
2392946 3 3 5 READ 2147626752 128 1694430
2392963 3 3 5 READ 2147625728 128 1694880
2393811 8 8 5 READ 2147626496 128 1695330
2393827 8 8 5 READ 2147625472 128 1695780
2393471 13 13 5 READ 2147634176 128 1696270
2393488 13 13 5 READ 2147633152 128 1696720
2396304 2 2 5 READ 2147626112 128 1697290
2396324 2 2 5 READ 2147625088 128 1697740
2400500 4 4 5 READ 2147626880 128 1699310
2400515 4 4 5 READ 2147625856 128 1699760
2401442 11 11 5 READ 2147634816 128 1700250
2401456 11 11 5 READ 2147633792 128 1700700
2400698 1 1 5 READ 2147618688 128 1701230
2400715 1 1 5 READ 2147617664 128 1701680
2407836 14 14 5 READ 2147634688 128 1704450
2407851 14 14 5 READ 2147633664 128 1704900
2410603 2 2 18 READ 2147685504 128 1706570
2410619 2 2 18 READ 2147684480 128 1707020
2412087 3 3 18 READ 2147677568 128 1707600
2412105 3 3 18 READ 2147676544 128 1708050
2415856 5 5 5 READ 2147626368 128 1710310
2415872 5 5 5 READ 2147625344 128 1710760
2416862 7 7 5 READ 2147626240 128 1711210
2416874 7 7 5 READ 2147625216 128 1711660
2416998 12 12 18 READ 2147669504 128 1712180
2417014 12 12 18 READ 2147668480 128 1712630
2417313 4 4 18 READ 2147669632 128 1713080
2417327 4 4 18 READ 2147668608 128 1713530
2418938 5 5 18 READ 2147669888 128 1713980
2418949 5 5 18 READ 2147668864 128 1714430
2419722 8 8 18 READ 2147669760 128 1714880
2419735 8 8 18 READ 2147668736 128 1715330
2416258 11 11 18 READ 2147677312 128 1715820
2416276 11 11 18 READ 2147676288 128 1716270
2422555 13 13 18 READ 2147677440 128 1716720
2422570 13 13 18 READ 2147676416 128 1717170
2422828 6 6 18 READ 2147677824 128 1717620
2422847 6 6 18 READ 2147676800 128 1718070
2424027 1 1 18 READ 2147685376 128 1718550
2424041 1 1 18 READ 2147684352 128 1719000
2426936 9 9 5 READ 2147626624 128 1719470
2426949 9 9 5 READ 2147625600 128 1719920
2428956 12 12 5 READ 2147634560 128 1720410
2428971 12 12 5 READ 2147633536 128 1720860
2429246 0 0 18 READ 2147678080 128 1721380
2429260 0 0 18 READ 2147677056 128 1721830
2430138 14 14 18 READ 2147677696 128 1722280
2430153 14 14 18 READ 2147676672 128 1722730
2431255 9 9 18 READ 2147677184 128 1723180
2431269 9 9 18 READ 2147676160 128 1723630
2432236 7 7 18 READ 2147685632 128 1724110
2432254 7 7 18 READ 2147684608 128 1724560
2436295 6 6 5 READ 2147625984 128 1725030
2436308 6 6 5 READ 2147624960 128 1725480
2438998 10 10 18 READ 2147677952 128 1726520
2439013 10 10 18 READ 2147676928 128 1726970
2442138 10 10 5 READ 2147634304 128 1728790
2442151 10 10 5 READ 2147633280 128 1729240
2481804 8 8 7 READ 2147630592 128 1756870
2481819 8 8 7 READ 2147629568 128 1757320
2486703 13 13 7 READ 2147638272 128 1760370
2486717 13 13 7 READ 2147637248 128 1760820
2491164 3 3 7 READ 2147630848 128 1763470
2491182 3 3 7 READ 2147629824 128 1763920
2495362 4 4 7 READ 2147630976 128 1766450
2495374 4 4 7 READ 2147629952 128 1766900
2498328 5 5 7 READ 2147630464 128 1768470
2498339 5 5 7 READ 2147629440 128 1768920
2504648 2 2 7 READ 2147630208 128 1773050
2504661 2 2 7 READ 2147629184 128 1773500
2505996 1 1 7 READ 2147622784 128 1774070
2506013 1 1 7 READ 2147621760 128 1774520
2506966 12 12 7 READ 2147638656 128 1775050
2506977 12 12 7 READ 2147637632 128 1775500
2510287 6 6 7 READ 2147630080 128 1777030
2510297 6 6 7 READ 2147629056 128 1777480
2511710 7 7 7 READ 2147630336 128 1778090
2511723 7 7 7 READ 2147629312 128 1778560
2513137 0 0 7 READ 2147638528 128 1779050
2513154 0 0 7 READ 2147637504 128 1779500
2514127 11 11 7 READ 2147638912 128 1779950
2514141 11 11 7 READ 2147637888 128 1780400
2515223 9 9 7 READ 2147630720 128 1780970
2515240 9 9 7 READ 2147629696 128 1781420
2519047 10 10 7 READ 2147638400 128 1783190
2519070 10 10 7 READ 2147637376 128 1783640
2521424 14 14 7 READ 2147638784 128 1784890
2521438 14 14 7 READ 2147637760 128 1785340
2586248 11 11 9 READ 2147642752 128 1830930
2586263 11 11 9 READ 2147641728 128 1831380
2587353 5 5 9 READ 2147650688 128 1831880
2587369 5 5 9 READ 2147649664 128 1832330
2597252 7 7 9 READ 2147635072 128 1838610
2597265 7 7 9 READ 2147634048 128 1839060
2598796 13 13 9 READ 2147642496 128 1839710
2598809 13 13 9 READ 2147641472 128 1840160
2601897 9 9 9 READ 2147650816 128 1841940
2601912 9 9 9 READ 2147649792 128 1842390
2604754 14 14 9 READ 2147643008 128 1843910
2604771 14 14 9 READ 2147641984 128 1844360
2606243 1 1 9 READ 2147643264 128 1845130
2606256 1 1 9 READ 2147642240 128 1845580
2607310 8 8 9 READ 2147650560 128 1846080
2607324 8 8 9 READ 2147649536 128 1846530
2608646 3 3 9 READ 2147634944 128 1847050
2608661 3 3 9 READ 2147633920 128 1847500
2610936 12 12 9 READ 2147642880 128 1848310
2610952 12 12 9 READ 2147641856 128 1848760
2611769 4 4 9 READ 2147651072 128 1849260
2611791 4 4 9 READ 2147650048 128 1849710
2612280 6 6 9 READ 2147642368 128 1850270
2612300 6 6 9 READ 2147641344 128 1850720
2618345 10 10 9 READ 2147650944 128 1853620
2618359 10 10 9 READ 2147649920 128 1854070
2620993 12 12 20 READ 2147681664 128 1855470
2621014 12 12 20 READ 2147680640 128 1855920
2622906 2 2 20 READ 2147689856 128 1856890
2622923 2 2 20 READ 2147688832 128 1857340
2626175 0 0 9 READ 2147642624 128 1859150
2626187 0 0 9 READ 2147641600 128 1859600
2627154 2 2 9 READ 2147643136 128 1860050
2627169 2 2 9 READ 2147642112 128 1860500
2627645 9 9 20 READ 2147681792 128 1860990
2627659 9 9 20 READ 2147680768 128 1861440
2627529 4 4 20 READ 2147689472 128 1861930
2627545 4 4 20 READ 2147688448 128 1862380
2630004 7 7 20 READ 2147689728 128 1862830
2630019 7 7 20 READ 2147688704 128 1863280
2631068 10 10 20 READ 2147681920 128 1863850
2631085 10 10 20 READ 2147680896 128 1864300
2633695 0 0 20 READ 2147682048 128 1864750
2633711 0 0 20 READ 2147681024 128 1865200
2632872 6 6 20 READ 2147689984 128 1865690
2632888 6 6 20 READ 2147688960 128 1866140
2636276 3 3 20 READ 2147697664 128 1866630
2636289 3 3 20 READ 2147696640 128 1867080
2637823 1 1 20 READ 2147690368 128 1867650
2637834 1 1 20 READ 2147689344 128 1868100
2638820 8 8 20 READ 2147690240 128 1868550
2638833 8 8 20 READ 2147689216 128 1869000
2639719 13 13 20 READ 2147690112 128 1869450
2639733 13 13 20 READ 2147689088 128 1869900
2643593 14 14 20 READ 2147682176 128 1871430
2643609 14 14 20 READ 2147681152 128 1871880
2645423 5 5 20 READ 2147697792 128 1872730
2645442 5 5 20 READ 2147696768 128 1873180
2645721 11 11 20 READ 2147689600 128 1873750
2645736 11 11 20 READ 2147688576 128 1874200
2653580 7 7 22 READ 2147693824 128 1878510
2653602 7 7 22 READ 2147692800 128 1878960
2655718 2 2 22 READ 2147693952 128 1880050
2655733 2 2 22 READ 2147692928 128 1880500
2656943 12 12 22 READ 2147685760 128 1881070
2656961 12 12 22 READ 2147684736 128 1881520
2659334 4 4 22 READ 2147693568 128 1882650
2659350 4 4 22 READ 2147692544 128 1883100
2662175 0 0 22 READ 2147686144 128 1884630
2662195 0 0 22 READ 2147685120 128 1885080
2663732 3 3 22 READ 2147701760 128 1885770
2663744 3 3 22 READ 2147700736 128 1886220
2664659 1 1 22 READ 2147694464 128 1886790
2664671 1 1 22 READ 2147693440 128 1887240
2668142 8 8 22 READ 2147694336 128 1888810
2668155 8 8 22 READ 2147693312 128 1889260
2669875 9 9 22 READ 2147685888 128 1890150
2669892 9 9 22 READ 2147684864 128 1890600
2671296 5 5 22 READ 2147701888 128 1891130
2671309 5 5 22 READ 2147700864 128 1891580
2673414 10 10 22 READ 2147686016 128 1892590
2673431 10 10 22 READ 2147684992 128 1893040
2676243 11 11 22 READ 2147693696 128 1894650
2676252 11 11 22 READ 2147692672 128 1895100
2677960 6 6 22 READ 2147694080 128 1895870
2677977 6 6 22 READ 2147693056 128 1896320
2681492 13 13 22 READ 2147694208 128 1898370
2681509 13 13 22 READ 2147693184 128 1898820
2683889 14 14 22 READ 2147686272 128 1900030
2683906 14 14 22 READ 2147685248 128 1900480
2687375 1 1 11 READ 2147647360 128 1902490
2687388 1 1 11 READ 2147646336 128 1902940
2689146 6 6 11 READ 2147646464 128 1903710
2689161 6 6 11 READ 2147645440 128 1904160
2695480 10 10 11 READ 2147655040 128 1908180
2695498 10 10 11 READ 2147654016 128 1908630
2697002 12 12 11 READ 2147646976 128 1909350
2697015 12 12 11 READ 2147645952 128 1909800
2702629 14 14 11 READ 2147647104 128 1913290
2702645 14 14 11 READ 2147646080 128 1913740
2703282 2 2 11 READ 2147647232 128 1914190
2703301 2 2 11 READ 2147646208 128 1914640
2703800 9 9 11 READ 2147654912 128 1915140
2703814 9 9 11 READ 2147653888 128 1915590
2703054 7 7 11 READ 2147639168 128 1916110
2703064 7 7 11 READ 2147638144 128 1916560
2704376 3 3 11 READ 2147639040 128 1917010
2704388 3 3 11 READ 2147638016 128 1917460
2709090 11 11 11 READ 2147646848 128 1917950
2709106 11 11 11 READ 2147645824 128 1918400
2707068 5 5 11 READ 2147654784 128 1918900
2707084 5 5 11 READ 2147653760 128 1919350
2708013 4 4 11 READ 2147655168 128 1919800
2708027 4 4 11 READ 2147654144 128 1920250
2711805 13 13 11 READ 2147646592 128 1920810
2711820 13 13 11 READ 2147645568 128 1921260
2715060 8 8 11 READ 2147654656 128 1922080
2715076 8 8 11 READ 2147653632 128 1922530
2734427 0 0 11 READ 2147646720 128 1935730
2734439 0 0 11 READ 2147645696 128 1936180
2773587 1 1 13 READ 2147667200 128 1963620
2773598 1 1 13 READ 2147666176 128 1964070
2773784 7 7 13 READ 2147658880 128 1964640
2773803 7 7 13 READ 2147657856 128 1965090
2782139 6 6 13 READ 2147651456 128 1969660
2782154 6 6 13 READ 2147650432 128 1970110
2785424 14 14 13 READ 2147659648 128 1972040
2785443 14 14 13 READ 2147658624 128 1972490
2786155 9 9 13 READ 2147659264 128 1972940
2786169 9 9 13 READ 2147658240 128 1973390
2788827 12 12 13 READ 2147666944 128 1974520
2788839 12 12 13 READ 2147665920 128 1974970
2791681 10 10 13 READ 2147659008 128 1976500
2791693 10 10 13 READ 2147657984 128 1976950
2792968 8 8 13 READ 2147651328 128 1977520
2792982 8 8 13 READ 2147650304 128 1977970
2796783 4 4 13 READ 2147658752 128 1980060
2796794 4 4 13 READ 2147657728 128 1980510
2798827 5 5 13 READ 2147651200 128 1981560
2798839 5 5 13 READ 2147650176 128 1982010
2800461 13 13 13 READ 2147659520 128 1982660
2800476 13 13 13 READ 2147658496 128 1983110
2800679 10 10 24 READ 2147697920 128 1983590
2800691 10 10 24 READ 2147696896 128 1984040
2801485 7 7 24 READ 2147705856 128 1984530
2801499 7 7 24 READ 2147704832 128 1984980
2803684 0 0 13 READ 2147659392 128 1985520
2803699 0 0 13 READ 2147658368 128 1985970
2805140 11 11 13 READ 2147659136 128 1986420
2805153 11 11 13 READ 2147658112 128 1986870
2804874 2 2 13 READ 2147667328 128 1987360
2804889 2 2 13 READ 2147666304 128 1987810
2810451 3 3 24 READ 2147706240 128 1989730
2810465 3 3 24 READ 2147705216 128 1990180
2813030 3 3 13 READ 2147667072 128 1991560
2813044 3 3 13 READ 2147666048 128 1992010
2813028 2 2 24 READ 2147706368 128 1992490
2813043 2 2 24 READ 2147705344 128 1992940
2815223 1 1 24 READ 2147706624 128 1993390
2815238 1 1 24 READ 2147705600 128 1993840
2813131 9 9 24 READ 2147698176 128 1994410
2813144 9 9 24 READ 2147697152 128 1994860
2815714 12 12 24 READ 2147698560 128 1995310
2815725 12 12 24 READ 2147697536 128 1995760
2817394 4 4 24 READ 2147706112 128 1996250
2817409 4 4 24 READ 2147705088 128 1996700
2821395 5 5 24 READ 2147706496 128 1997630
2821409 5 5 24 READ 2147705472 128 1998080
2821469 7 7 26 READ 2147709952 128 1998550
2821485 7 7 26 READ 2147708928 128 1999000
2824017 6 6 24 READ 2147714048 128 1999480
2824035 6 6 24 READ 2147713024 128 1999930
2822222 13 13 24 READ 2147698432 128 2000450
2822239 13 13 24 READ 2147697408 128 2000900
2824074 11 11 24 READ 2147698304 128 2001350
2824087 11 11 24 READ 2147697280 128 2001800
2826574 14 14 24 READ 2147698048 128 2002250
2826593 14 14 24 READ 2147697024 128 2002700
2824483 0 0 24 READ 2147705984 128 2003190
2824494 0 0 24 READ 2147704960 128 2003640
2831767 5 5 26 READ 2147710592 128 2004910
2831788 5 5 26 READ 2147709568 128 2005360
2832274 3 3 26 READ 2147710336 128 2005810
2832292 3 3 26 READ 2147709312 128 2006260
2833933 4 4 26 READ 2147710208 128 2006710
2833952 4 4 26 READ 2147709184 128 2007160
2833332 8 8 24 READ 2147706752 128 2007750
2833346 8 8 24 READ 2147705728 128 2008200
2837117 10 10 26 READ 2147702016 128 2008790
2837133 10 10 26 READ 2147700992 128 2009240
2838779 2 2 26 READ 2147710464 128 2009890
2838795 2 2 26 READ 2147709440 128 2010340
2840390 1 1 26 READ 2147710720 128 2010950
2840406 1 1 26 READ 2147709696 128 2011420
2840732 12 12 26 READ 2147702656 128 2011990
2840746 12 12 26 READ 2147701632 128 2012440
2841371 14 14 26 READ 2147702144 128 2012890
2841381 14 14 26 READ 2147701120 128 2013340
2843361 0 0 26 READ 2147710080 128 2013830
2843374 0 0 26 READ 2147709056 128 2014280
2842047 6 6 26 READ 2147718144 128 2014780
2842061 6 6 26 READ 2147717120 128 2015230
2846802 11 11 26 READ 2147702400 128 2015750
2846818 11 11 26 READ 2147701376 128 2016200
2849286 9 9 26 READ 2147702272 128 2017290
2849300 9 9 26 READ 2147701248 128 2017740
2849404 13 13 26 READ 2147702528 128 2018190
2849421 13 13 26 READ 2147701504 128 2018640
2851715 10 10 15 READ 2147663104 128 2019220
2851729 10 10 15 READ 2147662080 128 2019670
2853241 7 7 15 READ 2147662976 128 2020120
2853260 7 7 15 READ 2147661952 128 2020570
2854286 1 1 15 READ 2147671296 128 2021060
2854300 1 1 15 READ 2147670272 128 2021510
2855561 8 8 26 READ 2147710848 128 2021990
2855577 8 8 26 READ 2147709824 128 2022440
2857749 2 2 15 READ 2147671424 128 2023180
2857765 2 2 15 READ 2147670400 128 2023630
2858774 12 12 15 READ 2147671040 128 2024080
2858792 12 12 15 READ 2147670016 128 2024530
2861573 6 6 15 READ 2147655552 128 2025860
2861588 6 6 15 READ 2147654528 128 2026310
2864510 9 9 15 READ 2147663360 128 2027920
2864527 9 9 15 READ 2147662336 128 2028370
2866995 3 3 15 READ 2147671168 128 2029660
2867011 3 3 15 READ 2147670144 128 2030110
2867417 14 14 15 READ 2147663744 128 2030680
2867431 14 14 15 READ 2147662720 128 2031130
2870712 5 5 15 READ 2147655296 128 2032340
2870729 5 5 15 READ 2147654272 128 2032790
2870675 4 4 15 READ 2147662848 128 2033280
2870691 4 4 15 READ 2147661824 128 2033730
2872472 11 11 15 READ 2147663232 128 2034180
2872481 11 11 15 READ 2147662208 128 2034630
2879193 0 0 15 READ 2147663488 128 2038440
2879207 0 0 15 READ 2147662464 128 2038890
2884430 13 13 15 READ 2147663616 128 2042060
2884443 13 13 15 READ 2147662592 128 2042510
2887253 8 8 15 READ 2147655424 128 2044040
2887271 8 8 15 READ 2147654400 128 2044490
2901241 0 0 28 READ 2147714176 128 2054040
2901260 0 0 28 READ 2147713152 128 2054490
2902918 12 12 28 READ 2147714560 128 2055260
2902932 12 12 28 READ 2147713536 128 2055710
2903719 5 5 17 READ 2147667840 128 2056240
2903737 5 5 17 READ 2147666816 128 2056690
2904615 4 4 17 READ 2147667584 128 2057140
2904630 4 4 17 READ 2147666560 128 2057590
2906215 9 9 17 READ 2147675136 128 2058080
2906229 9 9 17 READ 2147674112 128 2058530
2904486 14 14 28 READ 2147714304 128 2059020
2904496 14 14 28 READ 2147713280 128 2059470
2904742 13 13 28 READ 2147714432 128 2059920
2904760 13 13 28 READ 2147713408 128 2060370
2910609 12 12 30 READ 2147718656 128 2060840
2910631 12 12 30 READ 2147717632 128 2061290
2911858 12 12 17 READ 2147667456 128 2061800
2911872 12 12 17 READ 2147666432 128 2062250
2912192 7 7 17 READ 2147683584 128 2062770
2912211 7 7 17 READ 2147682560 128 2063220
2913083 2 2 17 READ 2147683456 128 2063670
2913097 2 2 17 READ 2147682432 128 2064120
2912575 10 10 28 READ 2147714944 128 2064580
2912592 10 10 28 READ 2147713920 128 2065030
2913858 9 9 28 READ 2147714816 128 2065480
2913873 9 9 28 READ 2147713792 128 2065930
2918353 11 11 28 READ 2147714688 128 2066380
2918365 11 11 28 READ 2147713664 128 2066830
2919310 0 0 30 READ 2147718272 128 2067300
2919320 0 0 30 READ 2147717248 128 2067750
2919751 14 14 30 READ 2147718400 128 2068200
2919768 14 14 30 READ 2147717376 128 2068650
2921427 13 13 30 READ 2147718528 128 2069100
2921445 13 13 30 READ 2147717504 128 2069550
2916767 4 4 28 READ 2147722496 128 2070020
2916783 4 4 28 READ 2147721472 128 2070470
2917463 2 2 28 READ 2147722240 128 2070920
2917477 2 2 28 READ 2147721216 128 2071370
2918300 3 3 28 READ 2147722624 128 2071820
2918317 3 3 28 READ 2147721600 128 2072270
2921437 6 6 28 READ 2147722368 128 2072720
2921451 6 6 28 READ 2147721344 128 2073170
2914442 10 10 17 READ 2147675904 128 2073700
2914455 10 10 17 READ 2147674880 128 2074150
2918041 14 14 17 READ 2147675648 128 2074600
2918057 14 14 17 READ 2147674624 128 2075050
2920566 6 6 17 READ 2147675776 128 2075500
2920579 6 6 17 READ 2147674752 128 2075950
2921827 11 11 17 READ 2147675264 128 2076400
2921839 11 11 17 READ 2147674240 128 2076850
2924045 0 0 17 READ 2147676032 128 2077300
2924062 0 0 17 READ 2147675008 128 2077750
2931636 13 13 17 READ 2147675392 128 2078200
2931652 13 13 17 READ 2147674368 128 2078650
2932199 3 3 17 READ 2147675520 128 2079100
2932213 3 3 17 READ 2147674496 128 2079550
2923597 1 1 17 READ 2147683328 128 2080030
2923611 1 1 17 READ 2147682304 128 2080480
2926104 11 11 30 READ 2147718784 128 2080960
2926122 11 11 30 READ 2147717760 128 2081410
2926262 10 10 30 READ 2147719040 128 2081860
2926277 10 10 30 READ 2147718016 128 2082310
2928393 9 9 30 READ 2147718912 128 2082760
2928408 9 9 30 READ 2147717888 128 2083210
2929017 1 1 28 READ 2147722752 128 2083680
2929031 1 1 28 READ 2147721728 128 2084130
2929677 5 5 28 READ 2147722880 128 2084580
2929696 5 5 28 READ 2147721856 128 2085030
2933860 7 7 28 READ 2147723136 128 2085480
2933870 7 7 28 READ 2147722112 128 2085930
2929407 6 6 30 READ 2147726464 128 2086400
2929424 6 6 30 READ 2147725440 128 2086850
2930207 3 3 30 READ 2147726720 128 2087300
2930224 3 3 30 READ 2147725696 128 2087750
2930385 4 4 30 READ 2147726592 128 2088200
2930403 4 4 30 READ 2147725568 128 2088650
2932412 2 2 30 READ 2147726336 128 2089100
2932428 2 2 30 READ 2147725312 128 2089550
2939768 1 1 30 READ 2147726848 128 2090000
2939783 1 1 30 READ 2147725824 128 2090450
2943269 5 5 30 READ 2147726976 128 2090900
2943282 5 5 30 READ 2147725952 128 2091350
2945106 7 7 30 READ 2147727232 128 2091800
2945122 7 7 30 READ 2147726208 128 2092250
2939786 4 4 19 READ 2147671680 128 2092740
2939805 4 4 19 READ 2147670656 128 2093190
2947099 5 5 19 READ 2147671936 128 2093640
2947122 5 5 19 READ 2147670912 128 2094090
2954453 12 12 19 READ 2147671552 128 2094540
2954472 12 12 19 READ 2147670528 128 2094990
2952277 9 9 19 READ 2147679232 128 2095480
2952288 9 9 19 READ 2147678208 128 2095930
2952663 14 14 19 READ 2147679744 128 2096380
2952678 14 14 19 READ 2147678720 128 2096830
2954551 0 0 19 READ 2147680128 128 2097280
2954566 0 0 19 READ 2147679104 128 2097730
2954605 10 10 19 READ 2147680000 128 2098180
2954621 10 10 19 READ 2147678976 128 2098630
2958533 13 13 19 READ 2147679488 128 2099080
2958544 13 13 19 READ 2147678464 128 2099530
2959798 3 3 19 READ 2147679616 128 2099980
2959809 3 3 19 READ 2147678592 128 2100430
2961637 6 6 19 READ 2147679872 128 2100880
2961647 6 6 19 READ 2147678848 128 2101330
2963944 11 11 19 READ 2147679360 128 2101780
2963959 11 11 19 READ 2147678336 128 2102230
2953473 7 7 19 READ 2147687680 128 2102710
2953487 7 7 19 READ 2147686656 128 2103160
2957648 1 1 19 READ 2147687424 128 2103610
2957665 1 1 19 READ 2147686400 128 2104060
2966861 2 2 19 READ 2147687552 128 2104510
2966874 2 2 19 READ 2147686528 128 2104960
2968691 8 8 28 READ 2147723008 128 2105440
2968706 8 8 28 READ 2147721984 128 2105890
2957796 8 8 17 READ 2147667712 128 2106380
2957810 8 8 17 READ 2147666688 128 2106830
2984256 8 8 30 READ 2147727104 128 2114300
2984271 8 8 30 READ 2147726080 128 2114750
2985053 7 7 21 READ 2147691776 128 2115330
2985067 7 7 21 READ 2147690752 128 2115780
2985956 14 14 21 READ 2147684224 128 2116350
2985969 14 14 21 READ 2147683200 128 2116800
2987796 9 9 21 READ 2147683840 128 2117250
2987811 9 9 21 READ 2147682816 128 2117700
2987908 0 0 21 READ 2147684096 128 2118150
2987922 0 0 21 READ 2147683072 128 2118600
2987712 4 4 21 READ 2147691520 128 2119090
2987727 4 4 21 READ 2147690496 128 2119540
2990714 11 11 21 READ 2147691648 128 2119990
2990725 11 11 21 READ 2147690624 128 2120440
2992224 1 1 21 READ 2147692416 128 2120890
2992239 1 1 21 READ 2147691392 128 2121340
2991038 3 3 21 READ 2147699712 128 2121830
2991051 3 3 21 READ 2147698688 128 2122280
2992174 10 10 21 READ 2147683968 128 2122810
2992190 10 10 21 READ 2147682944 128 2123260
2995027 2 2 21 READ 2147691904 128 2123750
2995042 2 2 21 READ 2147690880 128 2124200
2997170 6 6 21 READ 2147692032 128 2124650
2997186 6 6 21 READ 2147691008 128 2125100
2998023 13 13 21 READ 2147692160 128 2125550
2998036 13 13 21 READ 2147691136 128 2126000
2995962 5 5 21 READ 2147699840 128 2126490
2995971 5 5 21 READ 2147698816 128 2126940
3005041 12 12 21 READ 2147683712 128 2130030
3005050 12 12 21 READ 2147682688 128 2130480
3012530 13 13 0 READ 2147730432 128 2135820
3012544 13 13 0 READ 2147729408 128 2136270
3016295 7 7 23 READ 2147695872 128 2138770
3016307 7 7 23 READ 2147694848 128 2139220
3016276 2 2 0 READ 2147730560 128 2139700
3016289 2 2 0 READ 2147729536 128 2140150
3016541 5 5 0 READ 2147730688 128 2140600
3016554 5 5 0 READ 2147729664 128 2141050
3017397 6 6 0 READ 2147730944 128 2141500
3017408 6 6 0 READ 2147729920 128 2141950
3018140 14 14 0 READ 2147731328 128 2142400
3018156 14 14 0 READ 2147730304 128 2142850
3018792 0 0 0 READ 2147731072 128 2143300
3018803 0 0 0 READ 2147730048 128 2143750
3019161 11 11 0 READ 2147731200 128 2144200
3019176 11 11 0 READ 2147730176 128 2144650
3017127 8 8 19 READ 2147671808 128 2145120
3017143 8 8 19 READ 2147670784 128 2145570
3018480 2 2 2 READ 2147734656 128 2146020
3018494 2 2 2 READ 2147733632 128 2146470
3019037 13 13 2 READ 2147734528 128 2146920
3019056 13 13 2 READ 2147733504 128 2147370
3019072 0 0 2 READ 2147735168 128 2147820
3019084 0 0 2 READ 2147734144 128 2148270
3021705 6 6 2 READ 2147735040 128 2148720
3021716 6 6 2 READ 2147734016 128 2149170
3022677 14 14 2 READ 2147735424 128 2149620
3022691 14 14 2 READ 2147734400 128 2150070
3023797 5 5 2 READ 2147734784 128 2150520
3023805 5 5 2 READ 2147733760 128 2150970
3024520 11 11 2 READ 2147735296 128 2151420
3024534 11 11 2 READ 2147734272 128 2151870
3017818 10 10 0 READ 2147738624 128 2152340
3017829 10 10 0 READ 2147737600 128 2152790
3021475 9 9 0 READ 2147738752 128 2153240
3021485 9 9 0 READ 2147737728 128 2153690
3023448 7 7 0 READ 2147739008 128 2154140
3023461 7 7 0 READ 2147737984 128 2154590
3023624 12 12 0 READ 2147739264 128 2155040
3023634 12 12 0 READ 2147738240 128 2155490
3024020 4 4 0 READ 2147739392 128 2155940
3024028 4 4 0 READ 2147738368 128 2156390
3024549 1 1 0 READ 2147739136 128 2156840
3024561 1 1 0 READ 2147738112 128 2157290
3027316 3 3 0 READ 2147738880 128 2157740
3027331 3 3 0 READ 2147737856 128 2158190
3021423 10 10 2 READ 2147742720 128 2158660
3021430 10 10 2 READ 2147741696 128 2159110
3024733 9 9 2 READ 2147742848 128 2159560
3024746 9 9 2 READ 2147741824 128 2160010
3025960 4 4 2 READ 2147743488 128 2160460
3025970 4 4 2 READ 2147742464 128 2160910
3026788 1 1 2 READ 2147743232 128 2161360
3026801 1 1 2 READ 2147742208 128 2161810
3027196 7 7 2 READ 2147743104 128 2162260
3027210 7 7 2 READ 2147742080 128 2162710
3027664 3 3 2 READ 2147742976 128 2163160
3027679 3 3 2 READ 2147741952 128 2163610
3028197 12 12 2 READ 2147743360 128 2164060
3028206 12 12 2 READ 2147742336 128 2164510
3021152 14 14 23 READ 2147688320 128 2164990
3021168 14 14 23 READ 2147687296 128 2165440
3023344 0 0 23 READ 2147688192 128 2165890
3023356 0 0 23 READ 2147687168 128 2166340
3023384 12 12 23 READ 2147687808 128 2166790
3023395 12 12 23 READ 2147686784 128 2167240
3025638 10 10 23 READ 2147688064 128 2167690
3025648 10 10 23 READ 2147687040 128 2168140
3026993 9 9 23 READ 2147687936 128 2168590
3027004 9 9 23 READ 2147686912 128 2169040
3017516 11 11 23 READ 2147695744 128 2169530
3017529 11 11 23 READ 2147694720 128 2169980
3018526 4 4 23 READ 2147695616 128 2170430
3018536 4 4 23 READ 2147694592 128 2170880
3022146 1 1 23 READ 2147696512 128 2171330
3022163 1 1 23 READ 2147695488 128 2171780
3024202 2 2 23 READ 2147696000 128 2172230
3024215 2 2 23 READ 2147694976 128 2172680
3026786 13 13 23 READ 2147696256 128 2173130
3026799 13 13 23 READ 2147695232 128 2173580
3031394 6 6 23 READ 2147696128 128 2174030
3031402 6 6 23 READ 2147695104 128 2174480
3045057 10 10 25 READ 2147699968 128 2174950
3045063 10 10 25 READ 2147698944 128 2175400
3046931 11 11 25 READ 2147700352 128 2175850
3046941 11 11 25 READ 2147699328 128 2176300
3047350 9 9 25 READ 2147700224 128 2176750
3047357 9 9 25 READ 2147699200 128 2177200
3047666 12 12 25 READ 2147700608 128 2177650
3047676 12 12 25 READ 2147699584 128 2178100
3048976 14 14 25 READ 2147700096 128 2178550
3048991 14 14 25 READ 2147699072 128 2179000
3049838 13 13 25 READ 2147700480 128 2179450
3049846 13 13 25 READ 2147699456 128 2179900
3024794 3 3 23 READ 2147703808 128 2180370
3024803 3 3 23 READ 2147702784 128 2180820
3025717 5 5 23 READ 2147703936 128 2181270
3025734 5 5 23 READ 2147702912 128 2181720
3046229 4 4 25 READ 2147708160 128 2182190
3046240 4 4 25 READ 2147707136 128 2182640
3046309 1 1 25 READ 2147708672 128 2183090
3046321 1 1 25 READ 2147707648 128 2183540
3046339 0 0 25 READ 2147708032 128 2183990
3046347 0 0 25 READ 2147707008 128 2184440
3047475 5 5 25 READ 2147708544 128 2184890
3047487 5 5 25 READ 2147707520 128 2185340
3047640 3 3 25 READ 2147708288 128 2185790
3047652 3 3 25 READ 2147707264 128 2186240
3048058 7 7 25 READ 2147707904 128 2186690
3048064 7 7 25 READ 2147706880 128 2187140
3049252 2 2 25 READ 2147708416 128 2187590
3049260 2 2 25 READ 2147707392 128 2188040
3044479 6 6 25 READ 2147716096 128 2188540
3044489 6 6 25 READ 2147715072 128 2188990
3059380 8 8 21 READ 2147692288 128 2189470
3059388 8 8 21 READ 2147691264 128 2189920
3064518 1 1 27 READ 2147712768 128 2190470
3064532 1 1 27 READ 2147711744 128 2190920
3065564 3 3 27 READ 2147712384 128 2191370
3065574 3 3 27 READ 2147711360 128 2191820
3066080 2 2 27 READ 2147712512 128 2192270
3066088 2 2 27 READ 2147711488 128 2192720
3065712 6 6 27 READ 2147720192 128 2193220
3065721 6 6 27 READ 2147719168 128 2193670
3066327 13 13 27 READ 2147704576 128 2194190
3066333 13 13 27 READ 2147703552 128 2194640
3066946 12 12 27 READ 2147704704 128 2195090
3066956 12 12 27 READ 2147703680 128 2195540
3067247 11 11 27 READ 2147704448 128 2195990
3067258 11 11 27 READ 2147703424 128 2196440
3069224 14 14 27 READ 2147704192 128 2196890
3069234 14 14 27 READ 2147703168 128 2197340
3069858 10 10 27 READ 2147704064 128 2197790
3069865 10 10 27 READ 2147703040 128 2198240
3071033 9 9 27 READ 2147704320 128 2198690
3071041 9 9 27 READ 2147703296 128 2199140
3068867 5 5 27 READ 2147712640 128 2199630
3068870 5 5 27 READ 2147711616 128 2200080
3071190 0 0 27 READ 2147712128 128 2200530
3071199 0 0 27 READ 2147711104 128 2200980
3071465 4 4 27 READ 2147712256 128 2201430
3071467 4 4 27 READ 2147711232 128 2201880
3072586 7 7 27 READ 2147712000 128 2202330
3072596 7 7 27 READ 2147710976 128 2202780
3070003 8 8 0 READ 2147730816 128 2203340
3070013 8 8 0 READ 2147729792 128 2203790
3076453 8 8 2 READ 2147734912 128 2204260
3076457 8 8 2 READ 2147733888 128 2204710
3081246 3 3 29 READ 2147724672 128 2210380
3081256 3 3 29 READ 2147723648 128 2210830
3082598 2 2 29 READ 2147724288 128 2212240
3082604 2 2 29 READ 2147723264 128 2212690
3083004 1 1 29 READ 2147724800 128 2213140
3083011 1 1 29 READ 2147723776 128 2213590
3083662 4 4 29 READ 2147724544 128 2214040
3083674 4 4 29 READ 2147723520 128 2214490
3083845 5 5 29 READ 2147724928 128 2214940
3083851 5 5 29 READ 2147723904 128 2215390
3084064 7 7 29 READ 2147725184 128 2215840
3084075 7 7 29 READ 2147724160 128 2216290
3084785 6 6 29 READ 2147724416 128 2216740
3084789 6 6 29 READ 2147723392 128 2217190
3083089 12 12 29 READ 2147716608 128 2217760
3083097 12 12 29 READ 2147715584 128 2218210
3083247 0 0 29 READ 2147716224 128 2218660
3083258 0 0 29 READ 2147715200 128 2219110
3083732 13 13 29 READ 2147716480 128 2219560
3083739 13 13 29 READ 2147715456 128 2220010
3085159 11 11 29 READ 2147716736 128 2220460
3085164 11 11 29 READ 2147715712 128 2220910
3087051 9 9 29 READ 2147716864 128 2221360
3087056 9 9 29 READ 2147715840 128 2221810
3087431 10 10 29 READ 2147716992 128 2222260
3087439 10 10 29 READ 2147715968 128 2222710
3087533 14 14 29 READ 2147716352 128 2223160
3087540 14 14 29 READ 2147715328 128 2223610
3088024 8 8 23 READ 2147696384 128 2224110
3088032 8 8 23 READ 2147695360 128 2224560
3093811 3 3 31 READ 2147728768 128 2230140
3093818 3 3 31 READ 2147727744 128 2230590
3095116 12 12 31 READ 2147720704 128 2232440
3095123 12 12 31 READ 2147719680 128 2232890
3096287 1 1 31 READ 2147728896 128 2234500
3096294 1 1 31 READ 2147727872 128 2234950
3096439 2 2 31 READ 2147728384 128 2235400
3096445 2 2 31 READ 2147727360 128 2235850
3096727 7 7 31 READ 2147729280 128 2236300
3096734 7 7 31 READ 2147728256 128 2236750
3096943 6 6 31 READ 2147728512 128 2237200
3096946 6 6 31 READ 2147727488 128 2237650
3097531 5 5 31 READ 2147729024 128 2238100
3097535 5 5 31 READ 2147728000 128 2238550
3097708 4 4 31 READ 2147728640 128 2239000
3097716 4 4 31 READ 2147727616 128 2239450
3097742 9 9 31 READ 2147720960 128 2240020
3097748 9 9 31 READ 2147719936 128 2240470
3097999 0 0 31 READ 2147720320 128 2240920
3098004 0 0 31 READ 2147719296 128 2241370
3098587 14 14 31 READ 2147720448 128 2241820
3098592 14 14 31 READ 2147719424 128 2242270
3098894 11 11 31 READ 2147720832 128 2242720
3098898 11 11 31 READ 2147719808 128 2243170
3099315 10 10 31 READ 2147721088 128 2243620
3099321 10 10 31 READ 2147720064 128 2244070
3099339 13 13 31 READ 2147720576 128 2244520
3099344 13 13 31 READ 2147719552 128 2244970
3102889 8 8 25 READ 2147708800 128 2248550
3102895 8 8 25 READ 2147707776 128 2249000
3107400 3 3 1 READ 2147740928 128 2259220
3107404 3 3 1 READ 2147739904 128 2259670
3107468 9 9 1 READ 2147740800 128 2260120
3107476 9 9 1 READ 2147739776 128 2260570
3107939 5 5 1 READ 2147732736 128 2261140
3107944 5 5 1 READ 2147731712 128 2261590
3108264 4 4 1 READ 2147741440 128 2262080
3108272 4 4 1 READ 2147740416 128 2262530
3108499 1 1 1 READ 2147741184 128 2262980
3108503 1 1 1 READ 2147740160 128 2263430
3109001 7 7 1 READ 2147741056 128 2263880
3109005 7 7 1 READ 2147740032 128 2264330
3109145 10 10 1 READ 2147740672 128 2264780
3109157 10 10 1 READ 2147739648 128 2265230
3109238 0 0 1 READ 2147733120 128 2265800
3109245 0 0 1 READ 2147732096 128 2266250
3109834 6 6 1 READ 2147732992 128 2266700
3109839 6 6 1 READ 2147731968 128 2267150
3110047 14 14 1 READ 2147733376 128 2267600
3110052 14 14 1 READ 2147732352 128 2268050
3110413 11 11 1 READ 2147733248 128 2268500
3110418 11 11 1 READ 2147732224 128 2268950
3110692 2 2 1 READ 2147732608 128 2269400
3110693 2 2 1 READ 2147731584 128 2269850
3110730 13 13 1 READ 2147732480 128 2270300
3110736 13 13 1 READ 2147731456 128 2270750
3110212 12 12 1 READ 2147741312 128 2271240
3110213 12 12 1 READ 2147740288 128 2271690
3111230 8 8 4 READ 2147739520 128 2272140
3111233 8 8 4 READ 2147738496 128 2272590
3111424 8 8 27 READ 2147712896 128 2273050
3111426 8 8 27 READ 2147711872 128 2273500
3111798 8 8 6 READ 2147743616 128 2273960
3111799 8 8 6 READ 2147742592 128 2274410
3114325 7 7 3 READ 2147745152 128 2283180
3114331 7 7 3 READ 2147744128 128 2283630
3114796 1 1 3 READ 2147745280 128 2285200
3114799 1 1 3 READ 2147744256 128 2285650
3114978 10 10 3 READ 2147744768 128 2286100
3114980 10 10 3 READ 2147743744 128 2286550
3115110 6 6 3 READ 2147737088 128 2287120
3115117 6 6 3 READ 2147736064 128 2287570
3115204 11 11 3 READ 2147737344 128 2288020
3115206 11 11 3 READ 2147736320 128 2288470
3115248 5 5 3 READ 2147736832 128 2288920
3115249 5 5 3 READ 2147735808 128 2289370
3115532 2 2 3 READ 2147736704 128 2289820
3115534 2 2 3 READ 2147735680 128 2290270
3115226 4 4 3 READ 2147745536 128 2290760
3115228 4 4 3 READ 2147744512 128 2291210
3115270 3 3 3 READ 2147745024 128 2291660
3115272 3 3 3 READ 2147744000 128 2292110
3115599 9 9 3 READ 2147744896 128 2292560
3115600 9 9 3 READ 2147743872 128 2293010
3115772 12 12 3 READ 2147745408 128 2293460
3115773 12 12 3 READ 2147744384 128 2293910
3115763 14 14 3 READ 2147737472 128 2294480
3115767 14 14 3 READ 2147736448 128 2294930
3115963 0 0 3 READ 2147737216 128 2295380
3115966 0 0 3 READ 2147736192 128 2295830
3115998 13 13 3 READ 2147736576 128 2296280
3116000 13 13 3 READ 2147735552 128 2296730
3116065 8 8 29 READ 2147725056 128 2297280
3116066 8 8 29 READ 2147724032 128 2297730
3117612 8 8 31 READ 2147729152 128 2321400
3117613 8 8 31 READ 2147728128 128 2321850
3119083 8 8 1 READ 2147732864 128 2352880
3119085 8 8 1 READ 2147731840 128 2353330
3119722 8 8 3 READ 2147736960 128 2370440
3119723 8 8 3 READ 2147735936 128 2370890
3120208 8 8 5 READ 2147741568 128 2389760
3120209 8 8 5 READ 2147740544 128 2390210
3120461 8 8 7 READ 2147745664 128 2409400
3120462 8 8 7 READ 2147744640 128 2409850
