1 0 0 1 READ 4026531840 2048 160
1654 4 4 0 READ 0 2048 3640
8359 3 3 0 WRITE 2147485952 32 9670
8446 4 4 0 WRITE 2147485952 32 10100
8796 1 1 0 WRITE 2147485952 32 10530
8932 2 2 0 WRITE 2147485952 32 10960
9065 0 0 8 WRITE 2147486176 32 11390
9162 5 5 8 WRITE 2147486080 32 11820
9435 6 6 8 WRITE 2147486112 32 12250
9528 7 7 8 WRITE 2147486112 32 12680
9619 8 8 8 WRITE 2147486112 32 13110
9651 1 1 8 WRITE 2147486048 32 13540
9675 2 2 8 WRITE 2147486080 32 13970
9677 3 3 8 WRITE 2147486080 32 14400
9767 4 4 8 WRITE 2147486080 32 14830
10028 5 5 0 WRITE 2147485984 32 15260
10273 6 6 0 WRITE 2147485984 32 15690
10346 7 7 0 WRITE 2147485984 32 16120
10422 8 8 0 WRITE 2147485984 32 16550
9711 9 9 8 WRITE 2147486112 32 16980
9799 10 10 8 WRITE 2147486144 32 17410
9885 11 11 8 WRITE 2147486144 32 17840
9973 12 12 8 WRITE 2147486144 32 18270
10063 13 13 8 WRITE 2147486144 32 18700
10148 14 14 8 WRITE 2147486176 32 19130
9933 0 0 0 WRITE 2147486048 32 19560
11033 1 1 16 WRITE 2147486176 32 19990
10993 2 2 16 WRITE 2147486176 32 20420
10739 3 3 16 WRITE 2147486208 32 20850
10805 4 4 16 WRITE 2147486208 32 21280
10512 5 5 16 WRITE 2147486208 32 21710
10710 6 6 16 WRITE 2147486208 32 22140
10777 7 7 16 WRITE 2147486240 32 22570
10844 8 8 16 WRITE 2147486240 32 23000
10496 9 9 0 WRITE 2147486016 32 23430
10569 10 10 0 WRITE 2147486016 32 23860
10637 11 11 0 WRITE 2147486016 32 24290
10700 12 12 0 WRITE 2147486016 32 24720
10766 13 13 0 WRITE 2147486048 32 25150
10832 14 14 0 WRITE 2147486048 32 25580
10431 0 0 16 WRITE 2147486304 32 26010
11306 1 1 24 WRITE 2147486304 32 26440
11397 2 2 24 WRITE 2147486304 32 26870
11291 3 3 24 WRITE 2147486304 32 27300
11325 4 4 24 WRITE 2147486336 32 27730
11105 5 5 24 WRITE 2147486336 32 28160
11239 6 6 24 WRITE 2147486336 32 28590
11276 7 7 24 WRITE 2147486336 32 29020
11311 8 8 24 WRITE 2147486368 32 29450
10904 9 9 16 WRITE 2147486240 32 29880
10959 10 10 16 WRITE 2147486240 32 30310
11015 11 11 16 WRITE 2147486272 32 30740
11072 12 12 16 WRITE 2147486272 32 31170
11124 13 13 16 WRITE 2147486272 32 31600
11171 14 14 16 WRITE 2147486272 32 32030
11048 0 0 24 WRITE 2147486400 32 32460
11496 1 1 32 WRITE 2147486432 32 32890
11542 2 2 32 WRITE 2147486432 32 33320
11422 3 3 32 WRITE 2147486432 32 33750
11441 4 4 32 WRITE 2147486432 32 34180
11874 5 5 2 READ 2147483904 2048 34610
11341 9 9 24 WRITE 2147486368 32 35360
11366 10 10 24 WRITE 2147486368 32 35790
11387 11 11 24 WRITE 2147486368 32 36220
11406 12 12 24 WRITE 2147486400 32 36850
11425 13 13 24 WRITE 2147486400 32 37280
11443 14 14 24 WRITE 2147486400 32 37710
53585 6 6 0 WRITE 2147485696 32 91770
53643 5 5 8 WRITE 2147485760 32 92200
53645 6 6 8 WRITE 2147485760 32 92630
53737 10 10 0 WRITE 2147485728 32 93060
53654 0 0 0 WRITE 2147485728 32 93490
53702 5 5 0 WRITE 2147485696 32 93920
53800 10 10 8 WRITE 2147485792 32 94350
53876 11 11 0 WRITE 2147485728 32 94780
53789 0 0 8 WRITE 2147485792 32 95210
53928 7 7 0 WRITE 2147485696 32 95640
54017 8 8 8 WRITE 2147485760 32 96070
53890 11 11 8 WRITE 2147485792 32 96500
54064 12 12 0 WRITE 2147485728 32 96930
53943 7 7 8 WRITE 2147485760 32 97360
54116 8 8 0 WRITE 2147485696 32 97790
54103 9 9 0 WRITE 2147485728 32 98220
54121 12 12 8 WRITE 2147485792 32 98650
54276 14 14 0 WRITE 2147485728 32 99080
54193 0 0 16 WRITE 2147485856 32 99510
54309 6 6 16 WRITE 2147485824 32 99940
54257 8 8 16 WRITE 2147485824 32 100370
54201 9 9 8 WRITE 2147485760 32 100800
54548 11 11 16 WRITE 2147485856 32 101230
54646 13 13 0 WRITE 2147485728 32 101660
54399 14 14 8 WRITE 2147485792 32 102090
54568 5 5 16 WRITE 2147485824 32 102520
54423 9 9 16 WRITE 2147485824 32 102950
54758 12 12 16 WRITE 2147485856 32 103380
54676 13 13 8 WRITE 2147485792 32 103810
54578 14 14 16 WRITE 2147485856 32 104240
54740 7 7 16 WRITE 2147485824 32 104670
55081 10 10 16 WRITE 2147485824 32 105100
54870 13 13 16 WRITE 2147485856 32 105530
55327 8 8 24 WRITE 2147485888 32 105960
55393 0 0 24 WRITE 2147485920 32 106390
55500 7 7 24 WRITE 2147485888 32 106820
55546 5 5 24 WRITE 2147485888 32 107250
55625 6 6 24 WRITE 2147485888 32 107680
55604 9 9 24 WRITE 2147485888 32 108110
55644 10 10 24 WRITE 2147485888 32 108540
55762 11 11 24 WRITE 2147485888 32 108970
55816 12 12 24 WRITE 2147485920 32 109400
55855 13 13 24 WRITE 2147485920 32 109830
55689 14 14 24 WRITE 2147485920 32 110260
57122 2 2 8 WRITE 2147485760 32 110690
57132 2 2 0 WRITE 2147485696 32 111120
57161 2 2 16 WRITE 2147485792 32 111550
57204 7 7 0 WRITE 2147486496 32 111980
57212 7 7 8 WRITE 2147486624 32 112410
57246 5 5 8 WRITE 2147486592 32 112840
57233 7 7 16 WRITE 2147486752 32 113270
57292 10 10 0 WRITE 2147486528 32 113700
57464 11 11 0 WRITE 2147486528 32 114130
57331 0 0 0 WRITE 2147486560 32 114560
57317 1 1 0 WRITE 2147485696 32 114990
57506 3 3 8 WRITE 2147485760 32 115420
57404 4 4 8 WRITE 2147485760 32 115850
57254 5 5 0 WRITE 2147486496 32 116280
57376 6 6 0 WRITE 2147486496 32 116710
57240 7 7 24 WRITE 2147486848 32 117140
57421 8 8 8 WRITE 2147486624 32 117570
57502 9 9 0 WRITE 2147486528 32 118000
57300 10 10 8 WRITE 2147486656 32 118430
57471 11 11 8 WRITE 2147486656 32 118860
57548 12 12 0 WRITE 2147486528 32 119290
57828 13 13 0 WRITE 2147486560 32 119720
57652 14 14 0 WRITE 2147486560 32 120150
57339 0 0 8 WRITE 2147486688 32 120580
57341 1 1 8 WRITE 2147485728 32 121010
57605 2 2 24 WRITE 2147485856 32 121440
57552 3 3 0 WRITE 2147485696 32 121870
57481 4 4 0 WRITE 2147485696 32 122300
57276 5 5 16 WRITE 2147486720 32 122730
57383 6 6 8 WRITE 2147486624 32 123160
57427 8 8 0 WRITE 2147486496 32 123590
57509 9 9 8 WRITE 2147486624 32 124020
57322 10 10 16 WRITE 2147486752 32 124450
57488 11 11 16 WRITE 2147486784 32 124880
57555 12 12 8 WRITE 2147486656 32 125310
57832 13 13 8 WRITE 2147486656 32 125740
57657 14 14 8 WRITE 2147486688 32 126170
57359 0 0 16 WRITE 2147486816 32 126600
57534 1 1 16 WRITE 2147485792 32 127030
57967 2 2 32 WRITE 2147485920 32 127460
57635 3 3 16 WRITE 2147485824 32 127890
57493 4 4 16 WRITE 2147485824 32 128320
57283 5 5 24 WRITE 2147486848 32 128750
57406 6 6 16 WRITE 2147486720 32 129180
57448 8 8 16 WRITE 2147486752 32 129610
57524 9 9 16 WRITE 2147486752 32 130040
57329 10 10 24 WRITE 2147486880 32 130470
57496 11 11 24 WRITE 2147486880 32 130900
57569 12 12 16 WRITE 2147486784 32 131330
57845 13 13 16 WRITE 2147486784 32 131760
57672 14 14 16 WRITE 2147486784 32 132190
57365 0 0 24 WRITE 2147486912 32 132620
58008 2 2 8 WRITE 2147486592 32 133050
57757 3 3 24 WRITE 2147485856 32 133480
57413 6 6 24 WRITE 2147486848 32 133910
57455 8 8 24 WRITE 2147486880 32 134340
57531 9 9 24 WRITE 2147486880 32 134770
57574 12 12 24 WRITE 2147486912 32 135200
57849 13 13 24 WRITE 2147486912 32 135630
57677 14 14 24 WRITE 2147486912 32 136060
57706 1 1 24 WRITE 2147485856 32 136490
58011 2 2 0 WRITE 2147486464 32 136920
57861 4 4 24 WRITE 2147485888 32 137350
57932 1 1 32 WRITE 2147485920 32 137780
58014 2 2 16 WRITE 2147486688 32 138210
57938 3 3 32 WRITE 2147485920 32 138640
57940 4 4 32 WRITE 2147485920 32 139070
58016 2 2 24 WRITE 2147486816 32 139500
58021 2 2 32 WRITE 2147486944 32 139930
58074 1 1 0 WRITE 2147486464 32 140360
58076 1 1 8 WRITE 2147486560 32 140790
58080 1 1 16 WRITE 2147486688 32 141220
58082 1 1 24 WRITE 2147486816 32 141650
58087 1 1 32 WRITE 2147486944 32 142080
58101 4 4 8 WRITE 2147486592 32 142510
58103 4 4 0 WRITE 2147486464 32 142940
58107 4 4 16 WRITE 2147486720 32 143370
58109 4 4 24 WRITE 2147486848 32 143800
58114 4 4 32 WRITE 2147486944 32 144230
58134 3 3 0 WRITE 2147486464 32 144660
58136 3 3 8 WRITE 2147486592 32 145090
58140 3 3 16 WRITE 2147486720 32 145520
58142 3 3 24 WRITE 2147486816 32 145950
58147 3 3 32 WRITE 2147486944 32 146380
