1 0 0 1 READ 4026531840 2048 160
1545 4 4 36 READ 0 2048 3340
6979 3 3 2 READ 4026531968 2048 6680
7878 3 3 0 WRITE 2147485952 32 9540
7963 4 4 0 WRITE 2147485952 32 9970
8137 1 1 0 WRITE 2147485952 32 10400
8314 2 2 0 WRITE 2147485952 32 10830
8490 0 0 8 WRITE 2147486176 32 11260
8597 5 5 8 WRITE 2147486080 32 11690
8710 3 3 8 WRITE 2147486080 32 12120
8800 4 4 8 WRITE 2147486080 32 12550
8871 6 6 8 WRITE 2147486112 32 12980
8957 7 7 8 WRITE 2147486112 32 13410
9049 8 8 8 WRITE 2147486112 32 13840
9143 9 9 8 WRITE 2147486112 32 14270
9231 10 10 8 WRITE 2147486144 32 14700
9314 11 11 8 WRITE 2147486144 32 15140
9400 12 12 8 WRITE 2147486144 32 15570
9486 13 13 8 WRITE 2147486144 32 16000
9575 14 14 8 WRITE 2147486176 32 16430
9361 0 0 0 WRITE 2147486048 32 16860
9445 1 1 8 WRITE 2147486048 32 17290
9155 2 2 8 WRITE 2147486080 32 17720
10204 3 3 16 WRITE 2147486208 32 18150
10271 4 4 16 WRITE 2147486208 32 18580
9452 5 5 0 WRITE 2147485984 32 19010
9706 6 6 0 WRITE 2147485984 32 19440
9779 7 7 0 WRITE 2147485984 32 19870
9853 8 8 0 WRITE 2147485984 32 20300
9926 9 9 0 WRITE 2147486016 32 20730
10000 10 10 0 WRITE 2147486016 32 21160
10069 11 11 0 WRITE 2147486016 32 21590
10133 12 12 0 WRITE 2147486016 32 22020
10197 13 13 0 WRITE 2147486048 32 22450
10264 14 14 0 WRITE 2147486048 32 22880
9862 0 0 16 WRITE 2147486304 32 23310
10412 1 1 16 WRITE 2147486176 32 23740
10495 2 2 16 WRITE 2147486176 32 24170
10562 3 3 24 WRITE 2147486304 32 24600
10610 4 4 24 WRITE 2147486336 32 25030
9941 5 5 16 WRITE 2147486208 32 25460
10143 6 6 16 WRITE 2147486208 32 25890
10209 7 7 16 WRITE 2147486240 32 26320
10276 8 8 16 WRITE 2147486240 32 26750
10336 9 9 16 WRITE 2147486240 32 27180
10392 10 10 16 WRITE 2147486240 32 27610
10448 11 11 16 WRITE 2147486272 32 28040
10505 12 12 16 WRITE 2147486272 32 28470
10557 13 13 16 WRITE 2147486272 32 28900
10605 14 14 16 WRITE 2147486272 32 29330
10480 0 0 24 WRITE 2147486400 32 29760
10825 1 1 24 WRITE 2147486304 32 30190
10756 2 2 24 WRITE 2147486304 32 30620
10855 3 3 32 WRITE 2147486432 32 31050
10874 4 4 32 WRITE 2147486432 32 31480
10538 5 5 24 WRITE 2147486336 32 31910
10674 6 6 24 WRITE 2147486336 32 32340
10711 7 7 24 WRITE 2147486336 32 32770
10744 8 8 24 WRITE 2147486368 32 33200
10774 9 9 24 WRITE 2147486368 32 33630
10799 10 10 24 WRITE 2147486368 32 34060
10820 11 11 24 WRITE 2147486368 32 34490
10839 12 12 24 WRITE 2147486400 32 34920
10858 13 13 24 WRITE 2147486400 32 35350
10876 14 14 24 WRITE 2147486400 32 35780
11696 0 0 2 READ 2147483904 2048 36210
10921 1 1 32 WRITE 2147486432 32 36670
10939 2 2 32 WRITE 2147486432 32 37100
11595 3 3 39 READ 2147484544 2048 37530
11722 0 0 3 READ 2147484032 2048 40550
11735 0 0 4 READ 2147484160 2048 43570
13969 0 0 10 READ 2147484928 2048 51870
14227 12 12 1 READ 2147484800 2048 55050
14317 3 3 15 READ 2147485568 2048 56630
14466 0 0 3 READ 2147485056 2048 58370
14729 0 0 4 READ 2147485184 2048 61550
15003 0 0 6 READ 2147485440 2048 64890
15966 0 0 10 READ 4026532096 2048 70630
20978 6 6 1 READ 4026532224 2048 75730
52190 6 6 0 WRITE 2147485696 32 98270
52326 6 6 8 WRITE 2147485760 32 98700
52662 9 9 0 WRITE 2147485728 32 99130
52723 9 9 8 WRITE 2147485760 32 99560
52961 6 6 0 READ 4026532360 2048 99990
53060 11 11 8 WRITE 2147485792 32 100450
53083 6 6 16 WRITE 2147485824 32 100880
53187 0 0 0 WRITE 2147485728 32 101310
53237 11 11 0 WRITE 2147485728 32 101740
53276 5 5 0 WRITE 2147485696 32 102170
53308 0 0 8 WRITE 2147485792 32 102600
53398 5 5 8 WRITE 2147485760 32 103030
53487 0 0 16 WRITE 2147485856 32 103460
53600 7 7 0 WRITE 2147485696 32 103890
53631 10 10 8 WRITE 2147485792 32 104320
53627 7 7 8 WRITE 2147485760 32 104750
53701 8 8 0 WRITE 2147485696 32 105180
53704 10 10 0 WRITE 2147485728 32 105610
53720 13 13 0 WRITE 2147485728 32 106040
53783 5 5 16 WRITE 2147485824 32 106470
53822 7 7 16 WRITE 2147485824 32 106900
53824 8 8 8 WRITE 2147485760 32 107330
53759 10 10 16 WRITE 2147485824 32 107760
53965 12 12 0 WRITE 2147485728 32 108190
53733 13 13 8 WRITE 2147485792 32 108620
53935 14 14 0 WRITE 2147485728 32 109050
53945 8 8 16 WRITE 2147485824 32 109480
54039 9 9 16 WRITE 2147485824 32 109910
53980 11 11 16 WRITE 2147485856 32 110340
54103 12 12 8 WRITE 2147485792 32 110770
53950 13 13 16 WRITE 2147485856 32 111200
54075 14 14 8 WRITE 2147485792 32 111630
54447 12 12 16 WRITE 2147485856 32 112060
54450 14 14 16 WRITE 2147485856 32 112490
54871 9 9 24 WRITE 2147485888 32 112920
54918 0 0 24 WRITE 2147485920 32 113350
54945 5 5 24 WRITE 2147485888 32 113780
55027 7 7 24 WRITE 2147485888 32 114210
55107 6 6 24 WRITE 2147485888 32 114640
55174 8 8 24 WRITE 2147485888 32 115070
55176 11 11 24 WRITE 2147485888 32 115500
55328 12 12 24 WRITE 2147485920 32 115930
55308 13 13 24 WRITE 2147485920 32 116360
55250 14 14 24 WRITE 2147485920 32 116790
55218 10 10 24 WRITE 2147485888 32 117220
56239 5 5 0 WRITE 2147486496 32 117650
56246 5 5 8 WRITE 2147486592 32 118080
56284 6 6 0 WRITE 2147486496 32 118510
56328 9 9 0 WRITE 2147486528 32 118940
56457 10 10 0 WRITE 2147486528 32 119370
56372 11 11 8 WRITE 2147486656 32 119800
56407 0 0 0 WRITE 2147486560 32 120230
56268 5 5 16 WRITE 2147486720 32 120660
56291 6 6 8 WRITE 2147486624 32 121090
56701 7 7 0 WRITE 2147486496 32 121520
56741 8 8 0 WRITE 2147486496 32 121950
56335 9 9 8 WRITE 2147486624 32 122380
56463 10 10 8 WRITE 2147486656 32 122810
56379 11 11 0 WRITE 2147486528 32 123240
57100 12 12 0 WRITE 2147486528 32 123670
56903 13 13 0 WRITE 2147486560 32 124100
57140 14 14 0 WRITE 2147486560 32 124530
56414 0 0 8 WRITE 2147486688 32 124960
56919 1 1 0 WRITE 2147485696 32 125390
57032 2 2 0 WRITE 2147485696 32 125820
56935 3 3 0 WRITE 2147485696 32 126250
56864 4 4 0 WRITE 2147485696 32 126680
56275 5 5 24 WRITE 2147486848 32 127110
56312 6 6 16 WRITE 2147486720 32 127540
56707 7 7 8 WRITE 2147486624 32 127970
56747 8 8 8 WRITE 2147486624 32 128400
56357 9 9 16 WRITE 2147486752 32 128830
56474 10 10 16 WRITE 2147486752 32 129260
56398 11 11 16 WRITE 2147486784 32 129690
57106 12 12 8 WRITE 2147486656 32 130120
56909 13 13 8 WRITE 2147486656 32 130550
57145 14 14 8 WRITE 2147486688 32 130980
56433 0 0 16 WRITE 2147486816 32 131410
56932 1 1 8 WRITE 2147485728 32 131840
57069 2 2 16 WRITE 2147485792 32 132270
56968 3 3 8 WRITE 2147485760 32 132700
56872 4 4 8 WRITE 2147485760 32 133130
56320 6 6 24 WRITE 2147486848 32 133560
56726 7 7 16 WRITE 2147486752 32 133990
56763 8 8 16 WRITE 2147486752 32 134420
56364 9 9 24 WRITE 2147486880 32 134850
56480 10 10 24 WRITE 2147486880 32 135280
56405 11 11 24 WRITE 2147486880 32 135710
57125 12 12 16 WRITE 2147486784 32 136140
56924 13 13 16 WRITE 2147486784 32 136570
57160 14 14 16 WRITE 2147486784 32 137000
56440 0 0 24 WRITE 2147486912 32 137430
57026 1 1 16 WRITE 2147485792 32 137860
57075 2 2 8 WRITE 2147485760 32 138290
56975 3 3 16 WRITE 2147485824 32 138720
57000 4 4 16 WRITE 2147485824 32 139150
56733 7 7 24 WRITE 2147486848 32 139580
56770 8 8 24 WRITE 2147486880 32 140010
57132 12 12 24 WRITE 2147486912 32 140440
56930 13 13 24 WRITE 2147486912 32 140870
57166 14 14 24 WRITE 2147486912 32 141300
57086 2 2 24 WRITE 2147485856 32 141730
57218 1 1 24 WRITE 2147485856 32 142160
57310 3 3 24 WRITE 2147485856 32 142590
57245 4 4 24 WRITE 2147485888 32 143020
57430 1 1 32 WRITE 2147485920 32 143450
57408 2 2 32 WRITE 2147485920 32 143880
57419 3 3 32 WRITE 2147485920 32 144310
57384 4 4 32 WRITE 2147485920 32 144740
57520 1 1 0 WRITE 2147486464 32 145170
57522 1 1 8 WRITE 2147486560 32 145600
57526 1 1 16 WRITE 2147486688 32 146030
57528 1 1 24 WRITE 2147486816 32 146460
57533 1 1 32 WRITE 2147486944 32 146890
57551 3 3 0 WRITE 2147486464 32 147320
57553 3 3 8 WRITE 2147486592 32 147750
57567 4 4 0 WRITE 2147486464 32 148180
57560 3 3 16 WRITE 2147486720 32 148610
57570 4 4 8 WRITE 2147486592 32 149040
57563 3 3 24 WRITE 2147486816 32 149470
57577 4 4 16 WRITE 2147486720 32 149900
57575 3 3 32 WRITE 2147486944 32 150330
57580 4 4 24 WRITE 2147486848 32 150760
57585 4 4 32 WRITE 2147486944 32 151190
57597 2 2 0 WRITE 2147486464 32 151620
57599 2 2 8 WRITE 2147486592 32 152050
57603 2 2 16 WRITE 2147486688 32 152480
57605 2 2 24 WRITE 2147486816 32 152910
57610 2 2 32 WRITE 2147486944 32 153340
