1 0 0 1 READ 4026531840 2048 160
1375 4 4 1 READ 0 2048 4140
3435 3 3 1 READ 4026531968 2048 7320
7637 1 1 1 READ 256 2048 11620
8041 3 3 1 READ 4026532096 2048 13200
19142 0 0 4 READ 4026532224 2048 18300
50840 3 3 2 READ 384 2048 41160
87537 11 11 0 READ 512 2048 67380
196424 6 6 0 READ 896 2048 144800
233606 6 6 0 READ 1024 2048 171180
270596 12 12 0 READ 1152 2048 197400
307394 14 14 0 READ 1280 2048 223620
343888 14 14 0 READ 1408 2048 249680
380654 9 9 0 READ 1536 2048 275740
417380 11 11 0 READ 1664 2048 301960
454490 12 12 0 READ 1792 2048 328340
491460 6 6 0 READ 1920 2048 354560
528368 9 9 0 READ 2048 2048 380780
672565 5 5 0 READ 2560 2048 483320
709563 12 12 0 READ 2688 2048 509700
782376 3 3 0 READ 2944 2048 561520
819451 12 12 0 READ 3072 2048 587740
856357 0 0 0 READ 3200 2048 613960
893413 2 2 0 READ 3328 2048 640340
932729 2 2 0 READ 4026532352 2048 668480
937137 3 3 0 READ 2147484928 2048 671820
937281 3 3 8 READ 2147517440 2048 672290
937178 3 3 2 READ 2147489024 2048 672760
937315 3 3 10 READ 2147521536 2048 673230
937339 10 10 0 READ 2147492992 2048 673700
937349 3 3 12 READ 2147526528 2048 674170
937422 10 10 2 READ 2147497088 2048 674640
937786 0 0 10 READ 2147530240 2048 675110
937211 3 3 4 READ 2147501184 2048 675580
937588 10 10 12 READ 2147534592 2048 676050
937245 3 3 6 READ 2147505280 2048 676520
942969 5 5 14 READ 2147538048 2048 676990
937388 10 10 4 READ 2147509248 2048 677460
938416 13 13 12 READ 2147542144 2048 677930
937460 10 10 6 READ 2147513344 2048 678400
937243 2 2 0 READ 2147484800 2048 678880
937491 2 2 1 READ 2147486848 2048 679340
937641 4 4 8 READ 2147517568 2048 679810
937495 4 4 2 READ 2147489152 2048 680280
937685 4 4 10 READ 2147521664 2048 680750
937698 13 13 0 READ 2147492352 2048 681220
937742 0 0 8 READ 2147526144 2048 681690
937717 13 13 2 READ 2147497472 2048 682160
938099 11 11 10 READ 2147529728 2048 682630
937536 4 4 4 READ 2147501312 2048 683100
938156 11 11 12 READ 2147533696 2048 683570
937578 4 4 6 READ 2147505408 2048 684040
949278 7 7 14 READ 2147538304 2048 684510
937657 0 0 4 READ 2147509888 2048 684980
938904 14 14 12 READ 2147542272 2048 685450
937759 13 13 6 READ 2147513728 2048 685920
957988 13 13 14 READ 2147546240 2048 686390
937511 2 2 1 READ 2147485824 2048 686860
938110 5 5 0 READ 2147485184 2048 687320
938585 6 6 8 READ 2147517824 2048 687790
938247 1 1 2 READ 2147488768 2048 688260
938627 6 6 10 READ 2147521920 2048 688730
937934 14 14 0 READ 2147493504 2048 689200
937938 0 0 1 READ 2147495680 2048 689660
937933 13 13 8 READ 2147524864 2048 690130
937978 14 14 2 READ 2147497600 2048 690600
938499 12 12 10 READ 2147529856 2048 691070
938443 6 6 4 READ 2147501568 2048 691540
938807 7 7 12 READ 2147534208 2048 692010
938511 6 6 6 READ 2147505664 2048 692480
962740 8 8 14 READ 2147538432 2048 692950
938045 14 14 4 READ 2147509760 2048 693420
938021 11 11 6 READ 2147513472 2048 693900
962224 14 14 14 READ 2147546368 2048 694370
938228 1 1 0 READ 2147483648 2048 694840
938878 9 9 8 READ 2147518208 2048 695310
938587 7 7 2 READ 2147488512 2048 695780
938791 8 8 10 READ 2147522176 2048 696250
938285 1 1 4 READ 2147493760 2048 696720
938467 12 12 8 READ 2147525760 2048 697190
938325 1 1 6 READ 2147497856 2048 697660
954133 1 1 14 READ 2147530368 2048 698130
938811 9 9 4 READ 2147501952 2048 698600
939444 8 8 12 READ 2147534336 2048 699070
938845 9 9 6 READ 2147506048 2048 699540
965220 9 9 14 READ 2147538560 2048 700010
938357 12 12 4 READ 2147509504 2048 700480
938433 12 12 6 READ 2147513600 2048 700960
968815 12 12 14 READ 2147545088 2048 701430
938552 7 7 0 READ 2147484416 2048 701900
940042 5 5 1 READ 2147487232 2048 702360
962682 2 2 3 READ 2147490944 2048 702840
938734 9 9 0 READ 2147492864 2048 703320
938833 13 13 1 READ 2147495424 2048 703780
976851 9 9 3 READ 2147499008 2048 704260
940056 5 5 1 READ 2147486208 2048 704820
975644 4 4 3 READ 2147491200 2048 705300
938849 13 13 1 READ 2147494400 2048 705780
981823 10 10 3 READ 2147499136 2048 706260
974283 2 2 14 READ 2147530496 2048 706730
979920 6 6 14 READ 2147538176 2048 707230
940587 1 1 1 READ 2147485696 2048 707740
986072 7 7 3 READ 2147491584 2048 708230
941683 10 10 1 READ 2147495040 2048 708710
987760 14 14 3 READ 2147499648 2048 709190
941525 4 4 1 READ 2147486080 2048 709750
975951 5 5 3 READ 2147491328 2048 710230
948152 9 9 1 READ 2147494912 2048 710710
943591 8 8 1 READ 2147486592 2048 711290
997228 3 3 16 READ 2147542784 2048 711880
998258 11 11 3 READ 2147499264 2048 712590
1001760 1 1 16 READ 2147542528 2048 714880
1002947 10 10 16 READ 2147550848 2048 715530
1007169 2 2 16 READ 2147542656 2048 718360
1008908 9 9 16 READ 2147550720 2048 719650
1009125 0 0 16 READ 2147558656 2048 720150
1011837 5 5 16 READ 2147550208 2048 721690
1010419 13 13 16 READ 2147558400 2048 722190
1014850 11 11 16 READ 2147550976 2048 723730
1015726 9 9 5 READ 2147504000 2048 724270
1017095 8 8 16 READ 2147550592 2048 725290
1017111 8 8 16 READ 2147549568 2048 725750
1018338 6 6 16 READ 2147550336 2048 726850
1018354 6 6 16 READ 2147549312 2048 727310
1018598 12 12 16 READ 2147551104 2048 727770
1025309 14 14 16 READ 2147558528 2048 731150
1025626 2 2 5 READ 2147503104 2048 731650
1026634 12 12 5 READ 2147511552 2048 732150
1026030 4 4 16 READ 2147542912 2048 732620
1026711 5 5 5 READ 2147503488 2048 733190
1027184 6 6 5 READ 2147503616 2048 733650
1031378 0 0 5 READ 2147511936 2048 735430
1034802 7 7 5 READ 2147503744 2048 737770
1037407 10 10 5 READ 2147511296 2048 739710
1039682 8 8 5 READ 2147503872 2048 741250
1041275 1 1 5 READ 2147495808 2048 742470
1040324 3 3 5 READ 2147503232 2048 742970
1051080 13 13 5 READ 2147511680 2048 749390
1054026 11 11 5 READ 2147511424 2048 751450
1056607 14 14 5 READ 2147511808 2048 753190
1056623 14 14 5 READ 2147510784 2048 754770
1061868 2 2 18 READ 2147546752 2048 757020
1064924 10 10 18 READ 2147554944 2048 759110
1065394 12 12 18 READ 2147555200 2048 760690
1067826 3 3 18 READ 2147546880 2048 761280
1067886 8 8 18 READ 2147554688 2048 761770
1069482 0 0 18 READ 2147562752 2048 762430
1070354 5 5 18 READ 2147554304 2048 763010
1071110 13 13 18 READ 2147562496 2048 764000
1073735 14 14 18 READ 2147562624 2048 765260
1074875 1 1 18 READ 2147546624 2048 766290
1077280 6 6 18 READ 2147554432 2048 767900
1079213 4 4 18 READ 2147547008 2048 769290
1078308 9 9 18 READ 2147554816 2048 769780
1083709 11 11 18 READ 2147555072 2048 772320
1084268 6 6 7 READ 2147507712 2048 772860
1092344 13 13 7 READ 2147515776 2048 778480
1094943 12 12 7 READ 2147515648 2048 780380
1095107 5 5 7 READ 2147507584 2048 780960
1102409 3 3 7 READ 2147507328 2048 785580
1102597 0 0 7 READ 2147516032 2048 786080
1104745 4 4 7 READ 2147507456 2048 787140
1107218 9 9 7 READ 2147508096 2048 788880
1108494 2 2 7 READ 2147507200 2048 790460
1116682 1 1 7 READ 2147499904 2048 795360
1119593 8 8 7 READ 2147507968 2048 797300
1120269 11 11 7 READ 2147515520 2048 797800
1120763 10 10 7 READ 2147515392 2048 799380
1127084 14 14 7 READ 2147515904 2048 802560
1127371 3 3 20 READ 2147559040 2048 803080
1128898 4 4 20 READ 2147559168 2048 804660
1133336 10 10 20 READ 2147567104 2048 806760
1135109 12 12 20 READ 2147567360 2048 808340
1139590 5 5 20 READ 2147559296 2048 811160
1140998 0 0 20 READ 2147574912 2048 812180
1140977 1 1 20 READ 2147558784 2048 812720
1140986 1 1 20 READ 2147557760 2048 813180
1142296 8 8 20 READ 2147566848 2048 813680
1144869 6 6 20 READ 2147566592 2048 815260
1145681 13 13 20 READ 2147567488 2048 815720
1147298 7 7 20 READ 2147566720 2048 816820
1147315 7 7 20 READ 2147565696 2048 817280
1148893 11 11 20 READ 2147567232 2048 817740
1148908 11 11 20 READ 2147566208 2048 818520
1152518 14 14 20 READ 2147574784 2048 820310
1163354 9 9 9 READ 2147520256 2048 828020
1163635 6 6 9 READ 2147519872 2048 829600
1167525 5 5 9 READ 2147519744 2048 830860
1168192 2 2 9 READ 2147512192 2048 831430
1172934 12 12 9 READ 2147527808 2048 834700
1173385 1 1 9 READ 2147512064 2048 835230
1174768 10 10 9 READ 2147520384 2048 836060
1176153 3 3 9 READ 2147519488 2048 837640
1181673 0 0 9 READ 2147528192 2048 841020
1183280 8 8 9 READ 2147520128 2048 842080
1185433 11 11 9 READ 2147527680 2048 843540
1190438 13 13 9 READ 2147527936 2048 847200
1191424 14 14 9 READ 2147528064 2048 848780
1194365 4 4 22 READ 2147563264 2048 849890
1197068 7 7 9 READ 2147520000 2048 851900
1199227 13 13 22 READ 2147571584 2048 853410
1200399 4 4 9 READ 2147519616 2048 854260
1208113 11 11 22 READ 2147571328 2048 859610
1210081 7 7 22 READ 2147570816 2048 861190
1211735 10 10 22 READ 2147571200 2048 862290
1212296 8 8 22 READ 2147570944 2048 862750
1212310 8 8 22 READ 2147569920 2048 863210
1212751 3 3 22 READ 2147563136 2048 863790
1214561 0 0 22 READ 2147579008 2048 864330
1215991 14 14 22 READ 2147578880 2048 865910
1218545 5 5 22 READ 2147563392 2048 867090
1220168 6 6 22 READ 2147570688 2048 868070
1221025 2 2 22 READ 2147563008 2048 868810
1222869 12 12 22 READ 2147571456 2048 870110
1227279 1 1 22 READ 2147562880 2048 873090
1228248 9 9 22 READ 2147571072 2048 873750
1231888 3 3 11 READ 2147523584 2048 876380
1239760 9 9 11 READ 2147524352 2048 881960
1240006 10 10 11 READ 2147524480 2048 883540
1240655 6 6 11 READ 2147523968 2048 884000
1243348 2 2 11 READ 2147516288 2048 884570
1245078 5 5 11 READ 2147523840 2048 885720
1245463 12 12 11 READ 2147531904 2048 886220
1247804 1 1 11 READ 2147516160 2048 887550
1250112 8 8 11 READ 2147524224 2048 889180
1252093 4 4 11 READ 2147523712 2048 890760
1257614 7 7 11 READ 2147524096 2048 894100
1260022 13 13 11 READ 2147532032 2048 895720
1266323 11 11 11 READ 2147531776 2048 900180
1268132 0 0 11 READ 2147532288 2048 901760
1268933 13 13 24 READ 2147583744 2048 902320
1270509 14 14 11 READ 2147532160 2048 903000
1274539 2 2 13 READ 2147528448 2048 905840
1276915 3 3 24 READ 2147575296 2048 907490
1277558 0 0 24 READ 2147591168 2048 908040
1280936 4 4 24 READ 2147575424 2048 910330
1281910 5 5 24 READ 2147575552 2048 911910
1284111 10 10 24 READ 2147583360 2048 912420
1284177 3 3 13 READ 2147528576 2048 912920
1285295 6 6 24 READ 2147575680 2048 913450
1285564 2 2 24 READ 2147575168 2048 913910
1285701 8 8 24 READ 2147583104 2048 914420
1285746 9 9 13 READ 2147536512 2048 914960
1285581 2 2 24 READ 2147574144 2048 915450
1288870 12 12 24 READ 2147583616 2048 915960
1288883 12 12 24 READ 2147582592 2048 916420
1288566 5 5 13 READ 2147536000 2048 916960
1290922 1 1 24 READ 2147575040 2048 917450
1289365 13 13 13 READ 2147544192 2048 917920
1290004 7 7 24 READ 2147582976 2048 918420
1291223 6 6 13 READ 2147536128 2048 918960
1293476 14 14 24 READ 2147583872 2048 919980
1293490 14 14 24 READ 2147582848 2048 920440
1297161 14 14 13 READ 2147544320 2048 921660
1298693 12 12 13 READ 2147544064 2048 923240
1300972 11 11 13 READ 2147536768 2048 924300
1302161 8 8 13 READ 2147536384 2048 925880
1305125 4 4 13 READ 2147535872 2048 927140
1306520 0 0 13 READ 2147544448 2048 928280
1307809 1 1 13 READ 2147528320 2048 929140
1316461 5 5 15 READ 2147540096 2048 935260
1317273 7 7 15 READ 2147540352 2048 936840
1323570 13 13 15 READ 2147548288 2048 940220
1324961 4 4 15 READ 2147539968 2048 941280
1324988 12 12 15 READ 2147548160 2048 941780
1325002 12 12 15 READ 2147547136 2048 942240
1326115 2 2 15 READ 2147532544 2048 942780
1327682 6 6 15 READ 2147540224 2048 943280
1328746 10 10 15 READ 2147540736 2048 944860
1331242 11 11 15 READ 2147540864 2048 945640
1331323 8 8 15 READ 2147540480 2048 946420
1331333 8 8 15 READ 2147539456 2048 947200
1334668 3 3 15 READ 2147532672 2048 947940
1335130 14 14 15 READ 2147548416 2048 948480
1335968 1 1 15 READ 2147532416 2048 949500
1335982 1 1 15 READ 2147531392 2048 949960
1338635 0 0 15 READ 2147548544 2048 950500
1342886 2 2 17 READ 2147544704 2048 953340
1348990 12 12 17 READ 2147553152 2048 957510
1355788 10 10 17 READ 2147552896 2048 962290
1357559 7 7 17 READ 2147552512 2048 963870
1358615 9 9 17 READ 2147552768 2048 964330
1360717 5 5 17 READ 2147552256 2048 965750
1361333 8 8 17 READ 2147552640 2048 966210
1361278 14 14 17 READ 2147560576 2048 966710
1362242 6 6 17 READ 2147552384 2048 967290
1362256 6 6 17 READ 2147551360 2048 967750
1363416 13 13 17 READ 2147560448 2048 968250
1363429 13 13 17 READ 2147559424 2048 968710
1363566 4 4 17 READ 2147544960 2048 969260
1365438 0 0 17 READ 2147560704 2048 969790
1367434 3 3 17 READ 2147544832 2048 970820
1367446 3 3 17 READ 2147543808 2048 971280
1370298 11 11 17 READ 2147553024 2048 972570
1383035 13 13 26 READ 2147587840 2048 981540
1384249 3 3 26 READ 2147579392 2048 982270
1384263 3 3 26 READ 2147578368 2048 983850
1389521 5 5 26 READ 2147579648 2048 986070
1389884 4 4 26 READ 2147579520 2048 987650
1392418 8 8 26 READ 2147587200 2048 988160
1395225 10 10 26 READ 2147587456 2048 990220
1395463 12 12 26 READ 2147587712 2048 991800
1397687 7 7 26 READ 2147587072 2048 992260
1397937 1 1 26 READ 2147579136 2048 992830
1402189 9 9 26 READ 2147587328 2048 995100
1408606 0 0 26 READ 2147595264 2048 999600
1415041 6 6 26 READ 2147579776 2048 1004130
1415061 6 6 26 READ 2147578752 2048 1005710
1419153 2 2 26 READ 2147579264 2048 1007130
1423135 14 14 26 READ 2147587968 2048 1009880
1428649 4 4 19 READ 2147549056 2048 1013820
1431946 11 11 26 READ 2147587584 2048 1016080
1433926 13 13 19 READ 2147564544 2048 1017530
1433883 2 2 19 READ 2147548800 2048 1018080
1434312 7 7 19 READ 2147556608 2048 1018570
1436847 8 8 19 READ 2147556736 2048 1020150
1438978 12 12 19 READ 2147557248 2048 1021090
1439607 10 10 19 READ 2147556992 2048 1021710
1440077 0 0 19 READ 2147564800 2048 1022210
1441312 11 11 19 READ 2147557120 2048 1022790
1441394 9 9 19 READ 2147556864 2048 1023250
1441412 9 9 19 READ 2147555840 2048 1023710
1442728 3 3 19 READ 2147548928 2048 1024300
1444524 14 14 19 READ 2147564672 2048 1024830
1446687 6 6 19 READ 2147556480 2048 1026210
1451871 5 5 19 READ 2147556352 2048 1029710
1456580 1 1 19 READ 2147548672 2048 1032860
1540764 7 7 28 READ 2147592064 2048 1092580
1544034 13 13 28 READ 2147600000 2048 1094840
1546774 6 6 28 READ 2147591936 2048 1096860
1552983 9 9 21 READ 2147569024 2048 1101190
1555608 3 3 28 READ 2147591552 2048 1103060
1556022 7 7 21 READ 2147568768 2048 1103550
1559596 6 6 21 READ 2147568640 2048 1105930
1559561 0 0 21 READ 2147576960 2048 1106430
1560620 1 1 28 READ 2147591296 2048 1106980
1562640 11 11 28 READ 2147599744 2048 1107960
1564916 9 9 28 READ 2147599488 2048 1109700
1566456 5 5 28 READ 2147591808 2048 1110760
1565590 8 8 28 READ 2147599360 2048 1111260
1565606 8 8 28 READ 2147598336 2048 1111720
1568266 11 11 21 READ 2147569280 2048 1112330
1568126 12 12 28 READ 2147599872 2048 1112810
1568142 12 12 28 READ 2147598848 2048 1113270
1568658 0 0 28 READ 2147600256 2048 1113730
1569681 5 5 21 READ 2147561344 2048 1114300
1569942 8 8 21 READ 2147568896 2048 1114800
1572474 14 14 21 READ 2147576832 2048 1115300
1573220 2 2 28 READ 2147591424 2048 1115850
1573431 10 10 21 READ 2147569152 2048 1116340
1573443 10 10 21 READ 2147568128 2048 1116800
1577266 14 14 28 READ 2147600128 2048 1118390
1577725 4 4 21 READ 2147561216 2048 1118960
1579323 4 4 28 READ 2147591680 2048 1119750
1578759 2 2 21 READ 2147560960 2048 1120520
1583171 1 1 21 READ 2147560832 2048 1122580
1594881 13 13 21 READ 2147569536 2048 1130760
1610876 3 3 21 READ 2147561088 2048 1142220
1679355 10 10 30 READ 2147603712 2048 1190750
1685719 8 8 30 READ 2147603456 2048 1195370
1686934 12 12 30 READ 2147603968 2048 1196950
1688347 14 14 30 READ 2147604224 2048 1197410
1688642 5 5 30 READ 2147595904 2048 1197990
1689858 0 0 30 READ 2147604352 2048 1198490
1689879 0 0 30 READ 2147603328 2048 1198950
1691455 7 7 30 READ 2147596160 2048 1199530
1691472 7 7 30 READ 2147595136 2048 1199990
1693507 13 13 30 READ 2147604096 2048 1200810
1692976 1 1 30 READ 2147595392 2048 1201390
1693236 6 6 30 READ 2147596032 2048 1201850
1693433 3 3 30 READ 2147594624 2048 1202950
1695365 4 4 30 READ 2147595776 2048 1203410
1695381 4 4 30 READ 2147594752 2048 1203870
1698607 9 9 30 READ 2147603584 2048 1204370
1701782 11 11 30 READ 2147603840 2048 1206750
1702615 2 2 30 READ 2147595520 2048 1207330
1710377 10 10 23 READ 2147573248 2048 1212620
1712154 0 0 23 READ 2147581056 2048 1213920
1713332 8 8 23 READ 2147572992 2048 1214820
1717080 2 2 23 READ 2147565056 2048 1217480
1717955 1 1 23 READ 2147564928 2048 1219060
1720761 7 7 23 READ 2147572864 2048 1219880
1725660 6 6 23 READ 2147572736 2048 1223380
1726759 5 5 23 READ 2147565440 2048 1224120
1733182 9 9 23 READ 2147573120 2048 1228460
1736746 4 4 23 READ 2147565312 2048 1230960
1738837 14 14 23 READ 2147580928 2048 1232460
1741732 11 11 23 READ 2147573376 2048 1234480
1742604 3 3 23 READ 2147565184 2048 1235060
1752525 12 12 23 READ 2147573504 2048 1241960
1752907 13 13 23 READ 2147573632 2048 1243540
1835748 2 2 0 READ 2147607552 2048 1300830
1838240 13 13 0 READ 2147608320 2048 1302570
1838686 12 12 0 READ 2147607808 2048 1304150
1839381 3 3 0 READ 2147607040 2048 1304610
1841812 9 9 0 READ 2147616256 2048 1305260
1840286 6 6 0 READ 2147606656 2048 1305850
1840725 10 10 0 READ 2147607168 2048 1306310
1844626 2 2 2 READ 2147611648 2048 1307110
1844629 4 4 0 READ 2147615744 2048 1307580
1842380 0 0 0 READ 2147606912 2048 1308170
1845786 1 1 0 READ 2147616000 2048 1309140
1845882 5 5 0 READ 2147616128 2048 1309600
1848558 6 6 2 READ 2147611776 2048 1310210
1846588 7 7 0 READ 2147615872 2048 1310680
1846600 7 7 0 READ 2147614848 2048 1311140
1847243 8 8 0 READ 2147615360 2048 1311600
1852026 13 13 2 READ 2147612416 2048 1312370
1848577 11 11 0 READ 2147616512 2048 1312840
1853085 5 5 2 READ 2147620224 2048 1313320
1852234 3 3 2 READ 2147612160 2048 1313910
1852255 3 3 2 READ 2147611136 2048 1314370
1855307 4 4 2 READ 2147619840 2048 1314860
1855324 4 4 2 READ 2147618816 2048 1315320
1853162 10 10 2 READ 2147612288 2048 1315910
1853332 12 12 2 READ 2147611904 2048 1316370
1856363 8 8 2 READ 2147619456 2048 1316860
1857305 11 11 2 READ 2147619584 2048 1317320
1859026 3 3 25 READ 2147577344 2048 1317880
1859145 14 14 2 READ 2147612544 2048 1318370
1858220 9 9 2 READ 2147619328 2048 1318860
1861591 7 7 2 READ 2147619968 2048 1319320
1861345 2 2 25 READ 2147577216 2048 1319880
1861600 7 7 2 READ 2147618944 2048 1320400
1866378 10 10 25 READ 2147585408 2048 1322450
1868707 7 7 25 READ 2147585024 2048 1324030
1869305 5 5 25 READ 2147577600 2048 1324600
1870690 13 13 25 READ 2147585792 2048 1325430
1871327 1 1 25 READ 2147577088 2048 1326160
1871870 9 9 25 READ 2147585280 2048 1326670
1873905 0 0 25 READ 2147593216 2048 1327810
1875614 8 8 25 READ 2147585152 2048 1328870
1875711 4 4 25 READ 2147577472 2048 1329440
1878387 12 12 25 READ 2147585664 2048 1330910
1880569 14 14 25 READ 2147585920 2048 1332490
1886918 11 11 25 READ 2147585536 2048 1336790
1889556 6 6 25 READ 2147577728 2048 1338800
1946480 13 13 4 READ 2147623936 2048 1379180
1948163 6 6 4 READ 2147616640 2048 1380400
1954049 2 2 27 READ 2147581312 2048 1384520
1956067 5 5 4 READ 2147624192 2048 1386000
1957506 6 6 6 READ 2147620736 2048 1387080
1956768 12 12 4 READ 2147624064 2048 1387560
1956782 12 12 4 READ 2147623040 2048 1388020
1961741 3 3 27 READ 2147581440 2048 1390020
1962875 13 13 6 READ 2147628032 2048 1390880
1964563 4 4 4 READ 2147624704 2048 1391960
1965629 9 9 27 READ 2147589376 2048 1392730
1964955 0 0 4 READ 2147624576 2048 1393520
1967267 3 3 4 READ 2147624448 2048 1393980
1967390 2 2 4 READ 2147632128 2048 1394480
1968767 1 1 27 READ 2147581184 2048 1395000
1968133 9 9 4 READ 2147624832 2048 1395520
1969819 13 13 27 READ 2147589888 2048 1396130
1971511 7 7 6 READ 2147628416 2048 1396780
1972403 12 12 27 READ 2147589760 2048 1397690
1972418 12 12 27 READ 2147588736 2048 1398150
1971885 12 12 6 READ 2147628160 2048 1398640
1973273 1 1 4 READ 2147632256 2048 1399120
1974763 6 6 27 READ 2147581824 2048 1399640
1975402 10 10 27 READ 2147589504 2048 1400150
1973056 5 5 6 READ 2147628288 2048 1400640
1976291 10 10 4 READ 2147632640 2048 1401120
1978473 8 8 27 READ 2147589248 2048 1401690
1978490 8 8 27 READ 2147588224 2048 1402150
1978023 4 4 6 READ 2147628800 2048 1402640
1980135 2 2 6 READ 2147636224 2048 1403140
1981675 14 14 4 READ 2147632768 2048 1403740
1982202 0 0 6 READ 2147628672 2048 1404340
1983305 9 9 6 READ 2147628928 2048 1404800
1984119 4 4 27 READ 2147581568 2048 1405340
1983411 7 7 27 READ 2147589120 2048 1405850
1983322 9 9 6 READ 2147627904 2048 1406340
1985628 0 0 27 READ 2147597312 2048 1406810
1986774 8 8 6 READ 2147636480 2048 1407300
1988995 11 11 6 READ 2147636608 2048 1408880
1989858 11 11 27 READ 2147589632 2048 1409430
2000265 10 10 6 READ 2147636736 2048 1416200
2000501 14 14 6 READ 2147636864 2048 1417780
2045286 0 0 29 READ 2147602304 2048 1448310
2046889 4 4 29 READ 2147593728 2048 1449370
2049286 12 12 29 READ 2147601920 2048 1451150
2050796 2 2 29 READ 2147593472 2048 1452050
2050313 9 9 29 READ 2147601536 2048 1452710
2054611 5 5 29 READ 2147593856 2048 1454730
2056344 14 14 29 READ 2147602176 2048 1456030
2060142 13 13 29 READ 2147602048 2048 1458730
2063626 8 8 29 READ 2147601408 2048 1461110
2065019 1 1 29 READ 2147593344 2048 1462170
2065105 10 10 29 READ 2147601664 2048 1462670
2069065 6 6 29 READ 2147593984 2048 1465010
2073176 3 3 29 READ 2147593600 2048 1467870
2073584 7 7 29 READ 2147594112 2048 1469450
2076685 11 11 29 READ 2147601792 2048 1470430
2101432 3 3 8 READ 2147632896 2048 1488000
2108189 9 9 8 READ 2147633024 2048 1492780
2111567 12 12 8 READ 2147640832 2048 1495200
2111800 2 2 8 READ 2147639552 2048 1496780
2112616 5 5 8 READ 2147639680 2048 1497240
2112869 1 1 8 READ 2147639936 2048 1498340
2113937 6 6 8 READ 2147640448 2048 1498800
2117334 10 10 8 READ 2147640320 2048 1500060
2121134 4 4 8 READ 2147641216 2048 1501960
2121251 13 13 8 READ 2147648640 2048 1502470
2122013 0 0 31 READ 2147606400 2048 1503030
2124889 7 7 8 READ 2147648512 2048 1504510
2126491 8 8 8 READ 2147641088 2048 1505720
2128947 3 3 10 READ 2147636992 2048 1507440
2129289 4 4 31 READ 2147597824 2048 1508030
2130775 12 12 31 READ 2147606016 2048 1508690
2132245 9 9 10 READ 2147637120 2048 1509780
2134816 4 4 10 READ 2147645312 2048 1511560
2135373 7 7 10 READ 2147652608 2048 1512070
2136010 11 11 8 READ 2147648768 2048 1512670
2137372 5 5 31 READ 2147597952 2048 1513190
2135213 2 2 10 READ 2147644672 2048 1513720
2138784 14 14 8 READ 2147649024 2048 1514210
2138798 14 14 8 READ 2147648000 2048 1514670
2139589 9 9 31 READ 2147605632 2048 1515230
2138492 1 1 10 READ 2147645056 2048 1515720
2143080 13 13 31 READ 2147606144 2048 1517110
2142972 6 6 10 READ 2147644544 2048 1517600
2143525 7 7 31 READ 2147598208 2048 1518150
2145012 10 10 10 READ 2147644416 2048 1519160
2145024 10 10 10 READ 2147643392 2048 1519620
2147980 10 10 31 READ 2147605760 2048 1520530
2147940 8 8 10 READ 2147645184 2048 1521020
2147955 8 8 10 READ 2147644160 2048 1521480
2148214 2 2 31 READ 2147597568 2048 1522030
2151354 1 1 31 READ 2147597440 2048 1523610
2153199 3 3 31 READ 2147597696 2048 1524070
2153633 11 11 31 READ 2147605888 2048 1524570
2156730 6 6 31 READ 2147598080 2048 1526430
2156896 0 0 10 READ 2147652992 2048 1527010
2157316 11 11 10 READ 2147652864 2048 1528590
2163755 14 14 31 READ 2147606272 2048 1531210
2212053 13 13 12 READ 2147649408 2048 1565330
2214712 9 9 1 READ 2147618304 2048 1567380
2218064 7 7 12 READ 2147649280 2048 1569610
2218385 4 4 12 READ 2147656704 2048 1570110
2218848 13 13 1 READ 2147610368 2048 1570650
2218846 12 12 12 READ 2147656832 2048 1571670
2221044 10 10 1 READ 2147610240 2048 1572210
2222979 0 0 1 READ 2147609984 2048 1573150
2223300 5 5 12 READ 2147649152 2048 1573650
2226570 5 5 1 READ 2147618176 2048 1575700
2228362 2 2 12 READ 2147656960 2048 1577010
2228024 4 4 1 READ 2147617792 2048 1577580
2232253 12 12 1 READ 2147609856 2048 1579610
2232792 9 9 12 READ 2147657600 2048 1580150
2232447 3 3 12 READ 2147664896 2048 1580650
2234319 7 7 14 READ 2147653376 2048 1581210
2233069 6 6 12 READ 2147657088 2048 1581690
2233080 6 6 12 READ 2147656064 2048 1582150
2236284 7 7 1 READ 2147617920 2048 1582720
2238211 8 8 12 READ 2147657472 2048 1583870
2238591 2 2 1 READ 2147609600 2048 1584410
2238280 11 11 1 READ 2147618560 2048 1584900
2239074 0 0 12 READ 2147665280 2048 1585450
2240103 3 3 1 READ 2147610112 2048 1585950
2240117 3 3 1 READ 2147609088 2048 1586410
2241753 11 11 12 READ 2147657344 2048 1586950
2244622 8 8 1 READ 2147618432 2048 1588320
2244638 8 8 1 READ 2147617408 2048 1589900
2246894 13 13 14 READ 2147653504 2048 1590390
2248928 5 5 14 READ 2147653248 2048 1591970
2251507 4 4 14 READ 2147660800 2048 1593270
2253468 3 3 14 READ 2147668992 2048 1594570
2251787 9 9 14 READ 2147661696 2048 1595150
2257034 1 1 1 READ 2147618048 2048 1597140
2259953 1 1 14 READ 2147669248 2048 1599150
2260928 8 8 14 READ 2147661568 2048 1599890
2260975 14 14 1 READ 2147610496 2048 1600410
2262465 0 0 14 READ 2147669376 2048 1601010
2261773 10 10 14 READ 2147661312 2048 1601590
2262699 2 2 14 READ 2147660032 2048 1602050
2267493 14 14 14 READ 2147669120 2048 1604470
2269617 6 6 14 READ 2147661184 2048 1606010
2272088 12 12 14 READ 2147660928 2048 1607750
2274955 11 11 14 READ 2147661440 2048 1609810
2302418 9 9 3 READ 2147622400 2048 1629260
2307832 0 0 3 READ 2147614080 2048 1633050
2312045 13 13 3 READ 2147614464 2048 1636070
2312351 7 7 3 READ 2147622016 2048 1636560
2319111 3 3 3 READ 2147614208 2048 1640830
2319803 12 12 3 READ 2147613952 2048 1642410
2325297 14 14 3 READ 2147614592 2048 1645270
2329954 8 8 3 READ 2147622528 2048 1648480
2332368 10 10 3 READ 2147614336 2048 1650030
2332723 5 5 3 READ 2147622272 2048 1650520
2333435 2 2 3 READ 2147613696 2048 1651590
2333445 2 2 3 READ 2147612672 2048 1652050
2333061 11 11 3 READ 2147622656 2048 1652540
2335725 6 6 3 READ 2147613824 2048 1653130
2335637 4 4 3 READ 2147621888 2048 1654100
2335651 4 4 3 READ 2147620864 2048 1654560
2349205 13 13 16 READ 2147665536 2048 1661490
2359279 4 4 16 READ 2147665408 2048 1668670
2363074 7 7 16 READ 2147665792 2048 1671370
2369400 0 0 16 READ 2147673472 2048 1675870
2372596 2 2 16 READ 2147665664 2048 1678210
2373647 11 11 16 READ 2147673600 2048 1678870
2377804 10 10 16 READ 2147673344 2048 1681890
2378604 6 6 16 READ 2147681280 2048 1682380
2378677 8 8 16 READ 2147673088 2048 1683450
2378945 12 12 16 READ 2147673216 2048 1683910
2380711 5 5 16 READ 2147681408 2048 1684400
2379981 9 9 16 READ 2147673728 2048 1684990
2379992 9 9 16 READ 2147672704 2048 1685450
2380193 14 14 16 READ 2147672960 2048 1685910
2384575 1 1 16 READ 2147681536 2048 1686560
2381309 3 3 16 READ 2147673856 2048 1687150
2395611 13 13 18 READ 2147669632 2048 1694470
2397763 8 8 5 READ 2147634432 2048 1695860
2402082 4 4 18 READ 2147669504 2048 1698910
2402770 9 9 5 READ 2147626880 2048 1699460
2404569 0 0 5 READ 2147626624 2048 1701040
2405378 12 12 5 READ 2147626112 2048 1701500
2407149 7 7 5 READ 2147626368 2048 1702600
2407166 7 7 5 READ 2147625344 2048 1703060
2407847 7 7 18 READ 2147669888 2048 1703590
2407545 14 14 18 READ 2147678080 2048 1704090
2409767 3 3 5 READ 2147626496 2048 1704600
2409005 2 2 5 READ 2147634176 2048 1705100
2411121 5 5 18 READ 2147685504 2048 1705660
2411893 3 3 18 READ 2147677952 2048 1706250
2412795 13 13 5 READ 2147625984 2048 1706760
2414551 0 0 18 READ 2147677568 2048 1707810
2414565 0 0 18 READ 2147676544 2048 1708270
2413729 4 4 5 READ 2147626752 2048 1708780
2415966 10 10 5 READ 2147634688 2048 1709280
2417439 10 10 18 READ 2147677440 2048 1709810
2417955 6 6 5 READ 2147618688 2048 1710280
2417223 5 5 5 READ 2147626240 2048 1710780
2418046 11 11 5 READ 2147634560 2048 1711280
2419001 12 12 18 READ 2147677312 2048 1711810
2419974 1 1 18 READ 2147685632 2048 1712300
2422316 1 1 5 READ 2147634304 2048 1713140
2429577 6 6 18 READ 2147685376 2048 1718340
2432140 8 8 18 READ 2147677184 2048 1720050
2478268 8 8 7 READ 2147638528 2048 1752780
2490474 5 5 7 READ 2147630336 2048 1761520
2491135 1 1 7 READ 2147638400 2048 1762020
2492697 0 0 7 READ 2147630720 2048 1763080
2493817 6 6 7 READ 2147622784 2048 1763820
2494918 3 3 7 READ 2147630592 2048 1764480
2495307 12 12 7 READ 2147630208 2048 1764940
2496214 2 2 7 READ 2147638272 2048 1765440
2500572 7 7 7 READ 2147630464 2048 1768580
2501920 10 10 7 READ 2147638784 2048 1769560
2510329 4 4 7 READ 2147630848 2048 1775580
2514481 9 9 7 READ 2147630976 2048 1778440
2514568 11 11 7 READ 2147638656 2048 1778940
2516516 14 14 7 READ 2147638912 2048 1780520
2519796 13 13 7 READ 2147630080 2048 1782220
2572996 8 8 9 READ 2147643136 2048 1820020
2578215 6 6 9 READ 2147642496 2048 1823680
2580860 12 12 9 READ 2147642880 2048 1825580
2586004 10 10 9 READ 2147642368 2048 1829240
2592778 11 11 9 READ 2147650816 2048 1834070
2593707 1 1 9 READ 2147643008 2048 1834640
2593812 3 3 9 READ 2147634944 2048 1835220
2600372 14 14 9 READ 2147651072 2048 1839450
2602832 7 7 9 READ 2147650560 2048 1841030
2603765 5 5 9 READ 2147642752 2048 1841760
2605754 10 10 20 READ 2147681664 2048 1843220
2605907 4 4 9 READ 2147643264 2048 1843800
2606992 0 0 9 READ 2147650944 2048 1844310
2607089 2 2 20 READ 2147682048 2048 1844920
2608902 0 0 20 READ 2147681792 2048 1845380
2608916 0 0 20 READ 2147680768 2048 1846640
2612304 5 5 20 READ 2147689728 2048 1847780
2614445 9 9 9 READ 2147635072 2048 1849240
2614632 2 2 9 READ 2147642624 2048 1849740
2612838 7 7 20 READ 2147689472 2048 1850280
2616325 1 1 20 READ 2147682176 2048 1850860
2625288 4 4 20 READ 2147689984 2048 1856960
2627485 13 13 9 READ 2147650688 2048 1858510
2626515 6 6 20 READ 2147689600 2048 1859000
2628668 9 9 20 READ 2147689856 2048 1860580
2630275 14 14 20 READ 2147690112 2048 1861040
2630698 10 10 22 READ 2147685760 2048 1861640
2633187 12 12 20 READ 2147697664 2048 1862480
2633009 2 2 22 READ 2147686144 2048 1863200
2635810 0 0 22 READ 2147685888 2048 1864300
2636169 13 13 20 READ 2147697792 2048 1864820
2636603 3 3 20 READ 2147690368 2048 1865400
2640095 11 11 20 READ 2147690240 2048 1867300
2646974 8 8 22 READ 2147686016 2048 1872220
2649695 7 7 22 READ 2147693568 2048 1874160
2649789 9 9 22 READ 2147692928 2048 1875740
2651870 4 4 22 READ 2147693056 2048 1876200
2653340 1 1 22 READ 2147686272 2048 1876780
2653183 14 14 22 READ 2147694208 2048 1877280
2653193 14 14 22 READ 2147693184 2048 1877740
2653986 6 6 22 READ 2147692672 2048 1878200
2653992 12 12 22 READ 2147701760 2048 1878700
2654015 3 3 22 READ 2147694464 2048 1879280
2659288 5 5 22 READ 2147693824 2048 1881020
2659926 13 13 22 READ 2147701888 2048 1881520
2665280 11 11 22 READ 2147694336 2048 1885140
2666681 6 6 11 READ 2147646592 2048 1886160
2692387 12 12 11 READ 2147646976 2048 1904380
2692933 5 5 11 READ 2147646848 2048 1905960
2695909 0 0 11 READ 2147655040 2048 1906950
2696845 3 3 11 READ 2147639040 2048 1907640
2699812 8 8 11 READ 2147647232 2048 1909740
2701356 4 4 11 READ 2147647360 2048 1911320
2702392 11 11 11 READ 2147654912 2048 1911830
2703312 10 10 11 READ 2147646464 2048 1912400
2705616 13 13 11 READ 2147654784 2048 1913870
2706188 9 9 11 READ 2147639168 2048 1914400
2710333 14 14 11 READ 2147655168 2048 1917190
2712339 2 2 11 READ 2147646720 2048 1918560
2712831 7 7 11 READ 2147654656 2048 1919070
2713072 1 1 11 READ 2147647104 2048 1920120
2750435 6 6 13 READ 2147659136 2048 1945610
2772378 10 10 13 READ 2147659264 2048 1961110
2779996 5 5 13 READ 2147651200 2048 1966650
2785020 9 9 13 READ 2147659648 2048 1970190
2788421 4 4 13 READ 2147658752 2048 1972570
2790817 1 1 13 READ 2147667200 2048 1974350
2791044 13 13 13 READ 2147651456 2048 1974890
2791453 3 3 13 READ 2147666944 2048 1975910
2791467 3 3 13 READ 2147665920 2048 1976370
2794785 12 12 13 READ 2147658880 2048 1977110
2796073 7 7 13 READ 2147651328 2048 1978010
2795340 11 11 13 READ 2147659392 2048 1978670
2797457 14 14 13 READ 2147667072 2048 1979170
2803953 2 2 13 READ 2147659008 2048 1983590
2806307 0 0 13 READ 2147667328 2048 1985210
2809644 2 2 24 READ 2147697920 2048 1987580
2812459 8 8 13 READ 2147659520 2048 1989610
2813660 3 3 24 READ 2147698048 2048 1990420
2815459 9 9 24 READ 2147698176 2048 1992000
2820987 13 13 24 READ 2147698432 2048 1995660
2823816 12 12 24 READ 2147698560 2048 1997560
2824274 2 2 26 READ 2147702016 2048 1998040
2824797 14 14 24 READ 2147706240 2048 1998520
2825535 1 1 24 READ 2147698304 2048 1999100
2825548 1 1 24 READ 2147697280 2048 1999560
2827295 9 9 26 READ 2147702272 2048 2000040
2826598 6 6 24 READ 2147705984 2048 2000520
2829223 3 3 26 READ 2147702144 2048 2001600
2829673 5 5 24 READ 2147705856 2048 2002080
2832266 7 7 24 READ 2147706624 2048 2003660
2832736 13 13 26 READ 2147702528 2048 2004260
2833075 4 4 24 READ 2147706496 2048 2005220
2833091 4 4 24 READ 2147705472 2048 2005680
2835484 1 1 26 READ 2147702400 2048 2006280
2840201 11 11 24 READ 2147714048 2048 2009210
2840614 10 10 26 READ 2147710208 2048 2009800
2841652 0 0 24 READ 2147706752 2048 2010400
2843912 4 4 26 READ 2147710592 2048 2011840
2843021 8 8 24 READ 2147706368 2048 2012440
2845641 13 13 15 READ 2147655552 2048 2012970
2844382 6 6 26 READ 2147710080 2048 2013540
2844635 5 5 26 READ 2147708928 2048 2014000
2846657 12 12 26 READ 2147702656 2048 2014580
2847078 14 14 26 READ 2147710336 2048 2015080
2847094 14 14 26 READ 2147709312 2048 2015550
2849646 5 5 15 READ 2147655296 2048 2016060
2851425 11 11 26 READ 2147718144 2048 2017160
2853632 10 10 15 READ 2147663360 2048 2018620
2854241 0 0 26 READ 2147710848 2048 2019150
2854431 3 3 15 READ 2147671040 2048 2019740
2857970 11 11 15 READ 2147663488 2048 2021760
2859030 14 14 15 READ 2147671168 2048 2022420
2859948 9 9 15 READ 2147663744 2048 2023320
2859960 9 9 15 READ 2147662720 2048 2023780
2861269 8 8 26 READ 2147710464 2048 2024310
2861030 2 2 15 READ 2147663104 2048 2024860
2861044 2 2 15 READ 2147662080 2048 2025320
2864803 6 6 15 READ 2147663232 2048 2026580
2865493 12 12 15 READ 2147662976 2048 2027040
2865507 12 12 15 READ 2147661952 2048 2028140
2867556 7 7 15 READ 2147655424 2048 2028720
2870666 0 0 15 READ 2147671424 2048 2030700
2876121 1 1 15 READ 2147671296 2048 2034520
2898905 8 8 15 READ 2147663616 2048 2050780
2901470 13 13 17 READ 2147667584 2048 2052540
2906202 3 3 17 READ 2147675904 2048 2055920
2910644 2 2 17 READ 2147667712 2048 2059060
2912397 12 12 17 READ 2147675264 2048 2060360
2913814 6 6 17 READ 2147683328 2048 2061330
2912808 10 10 17 READ 2147675392 2048 2061920
2913599 9 9 17 READ 2147675776 2048 2062380
2915940 7 7 17 READ 2147667840 2048 2062960
2915642 11 11 17 READ 2147675648 2048 2063460
2915655 11 11 17 READ 2147674624 2048 2063920
2918055 14 14 17 READ 2147676032 2048 2064380
2916254 5 5 17 READ 2147683456 2048 2064870
2918070 14 14 17 READ 2147675008 2048 2065460
2920095 4 4 17 READ 2147667456 2048 2066040
2921909 0 0 17 READ 2147675520 2048 2067020
2923662 1 1 17 READ 2147683584 2048 2068150
2937658 4 4 28 READ 2147714432 2048 2078220
2939843 4 4 30 READ 2147718528 2048 2079660
2938928 13 13 28 READ 2147714944 2048 2080260
2940628 0 0 28 READ 2147714304 2048 2081840
2943033 5 5 28 READ 2147714688 2048 2082300
2944501 12 12 28 READ 2147714560 2048 2083400
2947449 7 7 28 READ 2147722240 2048 2085020
2948259 0 0 30 READ 2147718400 2048 2085780
2949450 13 13 19 READ 2147671680 2048 2086480
2947468 2 2 28 READ 2147721472 2048 2087040
2949193 13 13 30 READ 2147719040 2048 2087640
2950678 2 2 19 READ 2147671808 2048 2088180
2951118 1 1 28 READ 2147722624 2048 2088740
2951920 6 6 28 READ 2147721984 2048 2089200
2950325 12 12 30 READ 2147718656 2048 2089800
2952006 11 11 28 READ 2147722880 2048 2090280
2952018 11 11 28 READ 2147721856 2048 2090740
2955577 2 2 30 READ 2147726592 2048 2091220
2954515 4 4 19 READ 2147671552 2048 2091720
2954898 12 12 19 READ 2147679360 2048 2092220
2958565 1 1 30 READ 2147726720 2048 2093080
2959684 14 14 28 READ 2147723136 2048 2093840
2960051 10 10 19 READ 2147679488 2048 2094400
2960476 6 6 30 READ 2147727104 2048 2094940
2963444 6 6 19 READ 2147687424 2048 2096470
2961202 3 3 30 READ 2147726848 2048 2096980
2965551 11 11 19 READ 2147679744 2048 2098000
2964219 1 1 19 READ 2147687680 2048 2098490
2966090 7 7 19 READ 2147671936 2048 2099040
2966241 8 8 17 READ 2147675136 2048 2099520
2966421 0 0 19 READ 2147679616 2048 2100000
2966520 5 5 19 READ 2147687552 2048 2100490
2967359 14 14 30 READ 2147727232 2048 2101000
2973894 8 8 28 READ 2147714176 2048 2104280
2980187 14 14 19 READ 2147680128 2048 2108880
2984955 8 8 30 READ 2147718272 2048 2112420
2988433 2 2 21 READ 2147684096 2048 2115090
2988957 7 7 21 READ 2147691520 2048 2115590
2993331 9 9 21 READ 2147691904 2048 2118770
2995011 6 6 21 READ 2147691648 2048 2120350
2995088 5 5 21 READ 2147690752 2048 2120810
2995262 4 4 21 READ 2147691008 2048 2121910
2996900 3 3 21 READ 2147692416 2048 2122370
2999137 13 13 21 READ 2147699840 2048 2123030
2999671 10 10 21 READ 2147683712 2048 2123570
2999881 11 11 21 READ 2147692288 2048 2124070
3001234 12 12 21 READ 2147699712 2048 2124730
3002784 0 0 21 READ 2147683840 2048 2125910
3004401 1 1 21 READ 2147684224 2048 2127490
3010453 14 14 21 READ 2147692160 2048 2131830
3018362 8 8 19 READ 2147679232 2048 2138000
3019300 12 12 23 READ 2147703808 2048 2138570
3021507 2 2 23 READ 2147688192 2048 2140390
3022063 6 6 23 READ 2147695744 2048 2140890
3021847 9 9 0 READ 2147730432 2048 2141380
3023674 13 13 23 READ 2147703936 2048 2142170
3023836 5 5 23 READ 2147695872 2048 2142750
3025181 4 4 23 READ 2147696128 2048 2144330
3025454 3 3 23 READ 2147695488 2048 2144790
3027199 13 13 0 READ 2147730688 2048 2145280
3026935 10 10 23 READ 2147687808 2048 2145830
3026601 9 9 23 READ 2147694976 2048 2146330
3028559 13 13 2 READ 2147734784 2048 2146840
3030422 7 7 0 READ 2147730816 2048 2147440
3030673 1 1 23 READ 2147688320 2048 2147990
3031389 7 7 23 READ 2147695616 2048 2148490
3030705 3 3 0 READ 2147730944 2048 2148980
3031428 12 12 0 READ 2147731072 2048 2149440
3030308 0 0 2 READ 2147734656 2048 2149920
3033388 0 0 23 READ 2147687936 2048 2150450
3032230 11 11 23 READ 2147696384 2048 2150950
3034134 3 3 2 READ 2147735040 2048 2151460
3034147 3 3 2 READ 2147734016 2048 2151920
3034001 5 5 0 READ 2147738752 2048 2152400
3037491 5 5 2 READ 2147742848 2048 2153680
3037683 14 14 0 READ 2147731200 2048 2154240
3036418 10 10 0 READ 2147738624 2048 2154740
3038467 4 4 2 READ 2147743488 2048 2155220
3038481 4 4 2 READ 2147742464 2048 2155680
3038980 12 12 2 READ 2147735168 2048 2156260
3037716 6 6 0 READ 2147739264 2048 2156740
3040381 10 10 2 READ 2147742720 2048 2157220
3041678 11 11 2 READ 2147743232 2048 2157680
3040782 14 14 23 READ 2147696256 2048 2158210
3041219 14 14 2 READ 2147735296 2048 2158720
3041238 1 1 0 READ 2147739008 2048 2159200
3042435 1 1 2 READ 2147743104 2048 2159680
3045124 4 4 25 READ 2147708544 2048 2161230
3046512 2 2 25 READ 2147699968 2048 2162610
3048840 5 5 25 READ 2147707904 2048 2165030
3049028 3 3 25 READ 2147700096 2048 2165610
3049937 7 7 25 READ 2147708672 2048 2166590
3049947 7 7 25 READ 2147707648 2048 2167050
3051246 12 12 25 READ 2147700608 2048 2167630
3051020 10 10 25 READ 2147708160 2048 2168130
3051029 10 10 25 READ 2147707136 2048 2168590
3051808 6 6 25 READ 2147708032 2048 2169050
3051698 13 13 25 READ 2147700480 2048 2169630
3054010 1 1 25 READ 2147700352 2048 2171210
3054363 9 9 25 READ 2147700224 2048 2171670
3056192 11 11 25 READ 2147716096 2048 2173020
3058889 14 14 25 READ 2147708288 2048 2176150
3062689 8 8 21 READ 2147683968 2048 2180650
3068284 0 0 27 READ 2147712896 2048 2187010
3068727 12 12 27 READ 2147704704 2048 2187590
3069138 6 6 27 READ 2147712128 2048 2188570
3070167 10 10 27 READ 2147712256 2048 2189350
3070677 13 13 27 READ 2147704576 2048 2189930
3070192 4 4 27 READ 2147711616 2048 2190430
3070237 5 5 27 READ 2147712000 2048 2190890
3070246 5 5 27 READ 2147710976 2048 2191350
3071333 2 2 27 READ 2147704064 2048 2191930
3073457 7 7 27 READ 2147712768 2048 2193390
3074941 9 9 27 READ 2147704320 2048 2195250
3074950 9 9 27 READ 2147703296 2048 2196830
3076480 1 1 27 READ 2147704448 2048 2197290
3076357 14 14 27 READ 2147712384 2048 2197790
3078383 11 11 27 READ 2147720192 2048 2199740
3085654 12 12 29 READ 2147716608 2048 2209620
3086200 3 3 29 READ 2147724800 2048 2210440
3085965 13 13 29 READ 2147716992 2048 2211180
3086591 10 10 29 READ 2147724416 2048 2212000
3087288 2 2 29 READ 2147724544 2048 2212460
3087840 5 5 29 READ 2147716736 2048 2213040
3087742 1 1 29 READ 2147724672 2048 2213540
3087752 1 1 29 READ 2147723648 2048 2214000
3087994 7 7 29 READ 2147724288 2048 2214460
3088834 8 8 0 READ 2147731328 2048 2214960
3088167 0 0 29 READ 2147716352 2048 2215500
3089132 6 6 29 READ 2147725056 2048 2216000
3090365 11 11 29 READ 2147724928 2048 2216620
3090042 4 4 29 READ 2147716480 2048 2217200
3090739 8 8 23 READ 2147688064 2048 2217670
3090374 11 11 29 READ 2147723904 2048 2218160
3090789 8 8 2 READ 2147735424 2048 2218680
3091970 14 14 29 READ 2147725184 2048 2219720
3091979 14 14 29 READ 2147724160 2048 2220180
3099561 7 7 31 READ 2147728384 2048 2232020
3099660 5 5 31 READ 2147720832 2048 2232600
3100321 3 3 31 READ 2147728896 2048 2233580
3100652 6 6 31 READ 2147729152 2048 2234040
3101083 9 9 31 READ 2147720960 2048 2234780
3101123 10 10 31 READ 2147728512 2048 2235280
3101707 13 13 31 READ 2147721088 2048 2236340
3101711 13 13 31 READ 2147720064 2048 2236800
3102006 2 2 31 READ 2147728640 2048 2237300
3102384 0 0 31 READ 2147720448 2048 2237880
3102388 0 0 31 READ 2147719424 2048 2238340
3103189 14 14 31 READ 2147729280 2048 2238840
3103191 14 14 31 READ 2147728256 2048 2239300
3104416 8 8 25 READ 2147708416 2048 2241410
3104879 4 4 31 READ 2147720576 2048 2242420
3106655 11 11 31 READ 2147729024 2048 2246440
3111257 6 6 1 READ 2147741312 2048 2257200
3111535 12 12 1 READ 2147733120 2048 2257940
3111852 10 10 1 READ 2147740672 2048 2258760
3111853 5 5 1 READ 2147740800 2048 2259220
3111914 3 3 1 READ 2147732992 2048 2259800
3111878 1 1 1 READ 2147741056 2048 2260300
3111879 1 1 1 READ 2147740032 2048 2260770
3112329 9 9 1 READ 2147732480 2048 2261350
3112333 9 9 1 READ 2147731456 2048 2261810
3113226 4 4 1 READ 2147741440 2048 2262630
3113220 0 0 1 READ 2147732608 2048 2263210
3113225 0 0 1 READ 2147731584 2048 2263670
3113563 2 2 1 READ 2147740928 2048 2264170
3113734 14 14 1 READ 2147733248 2048 2264750
3113739 14 14 1 READ 2147732224 2048 2265210
3114289 11 11 1 READ 2147741184 2048 2266030
3114545 13 13 1 READ 2147732736 2048 2266930
3114571 8 8 27 READ 2147712512 2048 2267440
3114737 8 8 4 READ 2147739520 2048 2268050
3116163 8 8 6 READ 2147743616 2048 2273170
3117375 10 10 3 READ 2147744768 2048 2278270
3117440 6 6 3 READ 2147745408 2048 2279850
3117820 5 5 3 READ 2147744896 2048 2280310
3118331 12 12 3 READ 2147737216 2048 2282810
3118401 2 2 3 READ 2147745024 2048 2283310
3118398 7 7 3 READ 2147736960 2048 2284370
3118654 4 4 3 READ 2147745536 2048 2284870
3118854 9 9 3 READ 2147736576 2048 2285930
3118869 0 0 3 READ 2147736704 2048 2287510
3119013 3 3 3 READ 2147736064 2048 2287970
3119111 13 13 3 READ 2147735808 2048 2289070
3119266 1 1 3 READ 2147745152 2048 2289570
3119443 14 14 3 READ 2147737344 2048 2291270
3119643 8 8 29 READ 2147716224 2048 2294030
3121330 8 8 31 READ 2147720320 2048 2324270
3122270 8 8 1 READ 2147733376 2048 2344310
3123157 8 8 3 READ 2147737472 2048 2368950
3123744 8 8 5 READ 2147741568 2048 2392630
3124027 8 8 7 READ 2147745664 2048 2414390
