1 0 0 1 READ 4026531840 2048 160
143 4 4 1 READ 0 2048 3640
6981 1 1 0 READ 2147483648 2048 12390
8988 1 1 0 READ 2147581952 2048 19070
9893 1 1 0 READ 2147680256 2048 22540
11666 5 5 0 WRITE 2147778560 32 28910
11672 5 5 3 WRITE 2147778624 32 29340
11680 1 1 3 WRITE 2147778592 32 29770
11678 5 5 6 WRITE 2147778688 32 30200
11684 1 1 6 WRITE 2147778656 32 30630
11694 3 3 0 WRITE 2147778560 32 31060
11711 4 4 0 WRITE 2147778560 32 31490
11699 3 3 3 WRITE 2147778624 32 31920
11715 4 4 3 WRITE 2147778624 32 32350
11727 0 0 0 WRITE 2147778592 32 32780
11744 2 2 0 WRITE 2147778560 32 33210
11705 3 3 6 WRITE 2147778688 32 33640
11722 4 4 6 WRITE 2147778688 32 34070
11761 6 6 0 WRITE 2147778560 32 34500
11778 7 7 0 WRITE 2147778560 32 34930
11731 0 0 3 WRITE 2147778656 32 35360
11748 2 2 3 WRITE 2147778624 32 35790
11765 6 6 3 WRITE 2147778624 32 36220
11782 7 7 3 WRITE 2147778624 32 36650
11795 8 8 0 WRITE 2147778560 32 37080
11810 9 9 0 WRITE 2147778592 32 37510
11825 10 10 0 WRITE 2147778592 32 37940
11838 11 11 0 WRITE 2147778592 32 38370
11738 0 0 6 WRITE 2147778720 32 38800
11755 2 2 6 WRITE 2147778656 32 39230
11772 6 6 6 WRITE 2147778688 32 39660
11789 7 7 6 WRITE 2147778688 32 40090
11799 8 8 3 WRITE 2147778624 32 40520
11814 9 9 3 WRITE 2147778624 32 40950
11829 10 10 3 WRITE 2147778656 32 41380
11842 11 11 3 WRITE 2147778656 32 41810
11852 12 12 0 WRITE 2147778592 32 42240
11869 13 13 0 WRITE 2147778592 32 42670
11887 14 14 0 WRITE 2147778592 32 43100
11805 8 8 6 WRITE 2147778688 32 43530
11820 9 9 6 WRITE 2147778688 32 43960
11834 10 10 6 WRITE 2147778688 32 44390
11846 11 11 6 WRITE 2147778720 32 44820
11858 12 12 3 WRITE 2147778656 32 45250
11875 13 13 3 WRITE 2147778656 32 45680
11893 14 14 3 WRITE 2147778656 32 46110
11863 12 12 6 WRITE 2147778720 32 46540
11881 13 13 6 WRITE 2147778720 32 46970
11899 14 14 6 WRITE 2147778720 32 47400
12938 5 5 0 WRITE 2147778720 32 47830
13113 5 5 3 WRITE 2147778720 32 48260
13141 1 1 3 WRITE 2147778720 32 48690
13470 5 5 6 WRITE 2147778752 32 49120
13523 1 1 6 WRITE 2147778752 32 49550
13615 3 3 0 WRITE 2147778752 32 49980
13760 4 4 0 WRITE 2147778752 32 50410
14007 3 3 3 WRITE 2147778752 32 50840
14155 4 4 3 WRITE 2147778752 32 51270
14223 0 0 0 WRITE 2147778752 32 51700
14355 2 2 0 WRITE 2147778752 32 52130
14612 3 3 6 WRITE 2147778784 32 52560
14775 4 4 6 WRITE 2147778784 32 52990
14815 6 6 0 WRITE 2147778784 32 53420
14969 7 7 0 WRITE 2147778784 32 53850
15186 0 0 3 WRITE 2147778784 32 54280
15340 2 2 3 WRITE 2147778784 32 54710
15496 6 6 3 WRITE 2147778784 32 55140
15645 7 7 3 WRITE 2147778784 32 55570
15727 8 8 0 WRITE 2147778816 32 56000
15875 9 9 0 WRITE 2147778816 32 56430
16025 10 10 0 WRITE 2147778816 32 56860
16176 11 11 0 WRITE 2147778816 32 57290
16351 0 0 6 WRITE 2147778816 32 57720
16497 2 2 6 WRITE 2147778816 32 58150
16648 6 6 6 WRITE 2147778816 32 58580
16798 7 7 6 WRITE 2147778816 32 59010
16969 8 8 3 WRITE 2147778848 32 59440
17120 9 9 3 WRITE 2147778848 32 59870
17273 10 10 3 WRITE 2147778848 32 60300
17424 11 11 3 WRITE 2147778848 32 60730
17523 12 12 0 WRITE 2147778848 32 61160
17671 13 13 0 WRITE 2147778848 32 61590
17822 14 14 0 WRITE 2147778848 32 62020
17985 8 8 6 WRITE 2147778848 32 62450
18132 9 9 6 WRITE 2147778880 32 62880
18286 10 10 6 WRITE 2147778880 32 63310
18426 11 11 6 WRITE 2147778880 32 63740
18580 12 12 3 WRITE 2147778880 32 64170
18735 13 13 3 WRITE 2147778880 32 64600
18882 14 14 3 WRITE 2147778880 32 65030
19036 12 12 6 WRITE 2147778880 32 65460
19193 13 13 6 WRITE 2147778880 32 65890
19343 14 14 6 WRITE 2147778912 32 66320
19511 5 5 0 WRITE 2147778912 32 66750
19733 5 5 3 WRITE 2147778912 32 67180
19740 1 1 3 WRITE 2147778912 32 67610
20081 5 5 6 WRITE 2147778912 32 68040
20161 1 1 6 WRITE 2147778912 32 68470
20215 3 3 0 WRITE 2147778912 32 68900
20369 4 4 0 WRITE 2147778912 32 69330
20600 3 3 3 WRITE 2147778944 32 69760
20749 4 4 3 WRITE 2147778944 32 70190
20816 0 0 0 WRITE 2147778944 32 70620
20968 2 2 0 WRITE 2147778944 32 71050
21201 3 3 6 WRITE 2147778944 32 71480
21381 4 4 6 WRITE 2147778944 32 71910
21407 6 6 0 WRITE 2147778944 32 72340
21562 7 7 0 WRITE 2147778944 32 72770
21783 0 0 3 WRITE 2147778976 32 73200
21938 2 2 3 WRITE 2147778976 32 73630
22092 6 6 3 WRITE 2147778976 32 74060
22242 7 7 3 WRITE 2147778976 32 74490
22323 8 8 0 WRITE 2147778976 32 74920
22471 9 9 0 WRITE 2147778976 32 75350
22621 10 10 0 WRITE 2147778976 32 75780
22772 11 11 0 WRITE 2147778976 32 76210
22948 0 0 6 WRITE 2147779008 32 76640
23095 2 2 6 WRITE 2147779008 32 77070
23244 6 6 6 WRITE 2147779008 32 77500
23395 7 7 6 WRITE 2147779008 32 77930
23570 8 8 3 WRITE 2147779008 32 78360
23718 9 9 3 WRITE 2147779008 32 78790
23871 10 10 3 WRITE 2147779008 32 79220
24021 11 11 3 WRITE 2147779008 32 79650
24119 12 12 0 WRITE 2147779040 32 80080
24269 13 13 0 WRITE 2147779040 32 80510
24413 14 14 0 WRITE 2147779040 32 80940
24579 8 8 6 WRITE 2147779040 32 81370
24727 9 9 6 WRITE 2147779040 32 81800
24878 10 10 6 WRITE 2147779040 32 82230
25021 11 11 6 WRITE 2147779040 32 82660
25176 12 12 3 WRITE 2147779040 32 83090
25325 13 13 3 WRITE 2147779072 32 83520
25484 14 14 3 WRITE 2147779072 32 83950
25637 12 12 6 WRITE 2147779072 32 84380
25786 13 13 6 WRITE 2147779072 32 84810
25946 14 14 6 WRITE 2147779072 32 85240
26127 5 5 0 WRITE 2147779072 32 85670
26307 5 5 3 WRITE 2147779072 32 86100
26364 1 1 3 WRITE 2147779072 32 86530
26665 5 5 6 WRITE 2147779104 32 86960
26705 1 1 6 WRITE 2147779104 32 87390
26807 3 3 0 WRITE 2147779104 32 87820
26959 4 4 0 WRITE 2147779104 32 88250
27192 3 3 3 WRITE 2147779104 32 88680
27347 4 4 3 WRITE 2147779104 32 89110
27410 0 0 0 WRITE 2147779104 32 89540
27570 2 2 0 WRITE 2147779104 32 89970
27802 3 3 6 WRITE 2147779136 32 90400
27970 4 4 6 WRITE 2147779136 32 90830
28004 6 6 0 WRITE 2147779136 32 91260
28151 7 7 0 WRITE 2147779136 32 91690
28379 0 0 3 WRITE 2147779136 32 92120
28535 2 2 3 WRITE 2147779136 32 92550
28687 6 6 3 WRITE 2147779136 32 92980
28839 7 7 3 WRITE 2147779136 32 93410
28919 8 8 0 WRITE 2147779168 32 93840
29068 9 9 0 WRITE 2147779168 32 94270
29243 10 10 0 WRITE 2147779168 32 94700
29371 11 11 0 WRITE 2147779168 32 95130
29546 0 0 6 WRITE 2147779168 32 95560
29694 2 2 6 WRITE 2147779168 32 95990
29844 6 6 6 WRITE 2147779168 32 96420
29992 7 7 6 WRITE 2147779168 32 96850
30164 8 8 3 WRITE 2147779200 32 97280
30315 9 9 3 WRITE 2147779200 32 97710
30469 10 10 3 WRITE 2147779200 32 98140
30620 11 11 3 WRITE 2147779200 32 98570
30703 12 12 0 WRITE 2147779200 32 99000
30875 13 13 0 WRITE 2147779200 32 99430
31011 14 14 0 WRITE 2147779200 32 99860
31176 8 8 6 WRITE 2147779200 32 100290
31327 9 9 6 WRITE 2147779232 32 100720
31472 10 10 6 WRITE 2147779232 32 101150
31618 11 11 6 WRITE 2147779232 32 101580
31776 12 12 3 WRITE 2147779232 32 102010
31978 13 13 3 WRITE 2147779232 32 102440
32078 14 14 3 WRITE 2147779232 32 102870
32241 12 12 6 WRITE 2147779232 32 103300
32342 13 13 6 WRITE 2147779232 32 103730
32535 14 14 6 WRITE 2147779264 32 104160
32719 5 5 0 WRITE 2147779264 32 104590
32901 5 5 3 WRITE 2147779264 32 105020
32996 1 1 3 WRITE 2147779264 32 105450
33266 5 5 6 WRITE 2147779264 32 105880
33319 1 1 6 WRITE 2147779264 32 106310
33404 3 3 0 WRITE 2147779264 32 106740
33555 4 4 0 WRITE 2147779264 32 107170
33798 3 3 3 WRITE 2147779296 32 107600
33920 4 4 3 WRITE 2147779296 32 108030
33991 0 0 0 WRITE 2147779296 32 108460
34157 2 2 0 WRITE 2147779296 32 108890
34403 3 3 6 WRITE 2147779296 32 109320
34581 4 4 6 WRITE 2147779296 32 109750
34597 6 6 0 WRITE 2147779296 32 110180
34751 7 7 0 WRITE 2147779296 32 110610
34978 0 0 3 WRITE 2147779328 32 111040
35133 2 2 3 WRITE 2147779328 32 111470
35288 6 6 3 WRITE 2147779328 32 111900
35437 7 7 3 WRITE 2147779328 32 112330
35514 8 8 0 WRITE 2147779328 32 112760
35665 9 9 0 WRITE 2147779328 32 113190
35814 10 10 0 WRITE 2147779328 32 113620
35991 11 11 0 WRITE 2147779328 32 114050
36143 0 0 6 WRITE 2147779360 32 114480
36291 2 2 6 WRITE 2147779360 32 114910
36442 6 6 6 WRITE 2147779360 32 115340
36596 7 7 6 WRITE 2147779360 32 115770
36704 8 8 3 WRITE 2147779360 32 116200
36914 9 9 3 WRITE 2147779360 32 116630
37066 10 10 3 WRITE 2147779360 32 117060
37216 11 11 3 WRITE 2147779360 32 117490
37314 12 12 0 WRITE 2147779392 32 117920
37468 13 13 0 WRITE 2147779392 32 118350
37596 14 14 0 WRITE 2147779392 32 118780
37787 8 8 6 WRITE 2147779392 32 119210
37923 9 9 6 WRITE 2147779392 32 119640
38076 10 10 6 WRITE 2147779392 32 120070
38218 11 11 6 WRITE 2147779392 32 120500
38374 12 12 3 WRITE 2147779392 32 120930
38520 13 13 3 WRITE 2147779424 32 121360
38677 14 14 3 WRITE 2147779424 32 121790
38833 12 12 6 WRITE 2147779424 32 122220
38980 13 13 6 WRITE 2147779424 32 122650
39142 14 14 6 WRITE 2147779424 32 123080
39319 5 5 0 WRITE 2147779424 32 123510
39498 5 5 3 WRITE 2147779424 32 123940
39518 1 1 3 WRITE 2147779424 32 124370
39857 5 5 6 WRITE 2147779456 32 124800
39935 1 1 6 WRITE 2147779456 32 125230
40002 3 3 0 WRITE 2147779456 32 125660
40148 4 4 0 WRITE 2147779456 32 126090
40394 3 3 3 WRITE 2147779456 32 126520
40542 4 4 3 WRITE 2147779456 32 126950
40610 0 0 0 WRITE 2147779456 32 127380
40742 2 2 0 WRITE 2147779456 32 127810
40999 3 3 6 WRITE 2147779488 32 128240
41163 4 4 6 WRITE 2147779488 32 128670
41205 6 6 0 WRITE 2147779488 32 129100
41356 7 7 0 WRITE 2147779488 32 129530
41574 0 0 3 WRITE 2147779488 32 129960
41729 2 2 3 WRITE 2147779488 32 130390
41883 6 6 3 WRITE 2147779488 32 130820
42033 7 7 3 WRITE 2147779488 32 131250
42115 8 8 0 WRITE 2147779520 32 131680
42265 9 9 0 WRITE 2147779520 32 132110
42415 10 10 0 WRITE 2147779520 32 132540
42565 11 11 0 WRITE 2147779520 32 132970
42742 0 0 6 WRITE 2147779520 32 133400
42887 2 2 6 WRITE 2147779520 32 133830
43021 6 6 6 WRITE 2147779520 32 134260
43130 7 7 6 WRITE 2147779520 32 134690
43233 8 8 3 WRITE 2147779552 32 135120
43273 9 9 3 WRITE 2147779552 32 135550
43336 10 10 3 WRITE 2147779552 32 135980
43395 11 11 3 WRITE 2147779552 32 136410
43446 12 12 0 WRITE 2147779552 32 136840
43483 13 13 0 WRITE 2147779552 32 137270
43509 14 14 0 WRITE 2147779552 32 137700
43522 8 8 6 WRITE 2147779552 32 138130
45743 1 1 0 WRITE 2147778560 32 353600
