1 0 0 1 READ 4026531840 2048 160
1375 4 4 1 READ 0 2048 4140
3435 3 3 1 READ 4026531968 2048 7320
7577 1 1 1 READ 256 2048 11620
7936 1 1 1 READ 4026532096 2048 13200
18768 0 0 2 READ 4026532224 2048 17980
51037 5 5 2 READ 384 2048 41000
87696 3 3 0 READ 512 2048 67060
124613 0 0 0 READ 640 2048 93280
161435 0 0 0 READ 768 2048 119500
198320 0 0 0 READ 896 2048 145720
235165 2 2 0 READ 1024 2048 171940
272050 2 2 0 READ 1152 2048 198160
308990 0 0 0 READ 1280 2048 224380
345852 12 12 0 READ 1408 2048 250600
382651 0 0 0 READ 1536 2048 276820
419811 11 11 0 READ 1664 2048 303200
456855 11 11 0 READ 1792 2048 329580
493883 10 10 0 READ 1920 2048 355960
530834 8 8 0 READ 2048 2048 382180
567670 11 11 0 READ 2176 2048 408240
604738 13 13 0 READ 2304 2048 434620
641521 9 9 0 READ 2432 2048 460840
678702 9 9 0 READ 2560 2048 487220
715332 0 0 0 READ 2688 2048 513280
752097 5 5 0 READ 2816 2048 539500
789099 11 11 0 READ 2944 2048 565720
825849 11 11 0 READ 3072 2048 591940
863067 11 11 0 READ 3200 2048 618320
899984 11 11 0 READ 3328 2048 644700
939777 11 11 0 READ 4026532352 2048 673000
944036 4 4 0 READ 2147485056 2048 676340
944184 4 4 8 READ 2147517568 2048 676810
944085 4 4 2 READ 2147489152 2048 677280
944293 4 4 10 READ 2147521664 2048 677750
944145 11 11 0 READ 2147493120 2048 678220
944173 10 10 0 READ 2147492992 2048 678680
944283 11 11 8 READ 2147525632 2048 679150
944175 11 11 2 READ 2147497216 2048 679620
944206 10 10 2 READ 2147497088 2048 680080
944317 11 11 10 READ 2147529728 2048 680550
944119 4 4 4 READ 2147501312 2048 681020
944330 4 4 12 READ 2147533824 2048 681490
944356 11 11 12 READ 2147534720 2048 681950
944153 4 4 6 READ 2147505408 2048 682420
950690 7 7 14 READ 2147538304 2048 682890
944208 11 11 4 READ 2147509376 2048 683360
944565 0 0 12 READ 2147542400 2048 683830
944241 10 10 6 READ 2147513344 2048 684300
944243 11 11 6 READ 2147513472 2048 684760
944389 8 8 0 READ 2147485568 2048 685240
944590 5 5 0 READ 2147485184 2048 685700
944557 8 8 8 READ 2147518080 2048 686170
944749 5 5 8 READ 2147517696 2048 686630
944622 5 5 2 READ 2147489280 2048 687100
945053 6 6 2 READ 2147489408 2048 687560
944627 8 8 10 READ 2147522176 2048 688030
944836 5 5 10 READ 2147521792 2048 688490
944325 0 0 0 READ 2147493632 2048 688960
944697 14 14 0 READ 2147493504 2048 689420
944823 14 14 8 READ 2147526016 2048 689890
944362 0 0 2 READ 2147497728 2048 690360
944655 14 14 2 READ 2147497600 2048 690820
944870 14 14 10 READ 2147530112 2048 691290
945289 13 13 10 READ 2147529984 2048 691750
944664 5 5 4 READ 2147501440 2048 692220
944392 10 10 12 READ 2147533568 2048 692690
944375 11 11 12 READ 2147533696 2048 693150
944708 5 5 6 READ 2147505536 2048 693620
959555 4 4 14 READ 2147537920 2048 694090
961897 11 11 14 READ 2147538816 2048 694550
944437 10 10 4 READ 2147509248 2048 695020
946465 12 12 12 READ 2147542016 2048 695490
944401 0 0 6 READ 2147513984 2048 695960
944776 14 14 6 READ 2147513856 2048 696420
959427 14 14 14 READ 2147546368 2048 696890
961848 0 0 14 READ 2147546496 2048 697350
944903 3 3 0 READ 2147484928 2048 697820
945014 6 6 0 READ 2147485312 2048 698280
945017 9 9 8 READ 2147518208 2048 698750
945242 2 2 2 READ 2147488896 2048 699220
945148 3 3 2 READ 2147489024 2048 699680
945057 9 9 10 READ 2147522304 2048 700150
944719 14 14 0 READ 2147492480 2048 700620
944772 9 9 0 READ 2147491840 2048 701080
945361 13 13 8 READ 2147525888 2048 701550
944946 9 9 2 READ 2147496960 2048 702020
945823 12 12 10 READ 2147529856 2048 702490
953027 2 2 14 READ 2147530496 2048 702950
944938 3 3 4 READ 2147501184 2048 703420
945115 6 6 4 READ 2147501568 2048 703880
944880 5 5 12 READ 2147533952 2048 704350
945000 9 9 6 READ 2147505024 2048 704820
945152 6 6 6 READ 2147505664 2048 705280
962943 6 6 14 READ 2147538176 2048 705750
962971 9 9 14 READ 2147538560 2048 706210
945218 13 13 4 READ 2147509632 2048 706680
945254 13 13 6 READ 2147513728 2048 707160
965627 13 13 14 READ 2147546240 2048 707630
967390 12 12 14 READ 2147546112 2048 708090
944810 5 5 1 READ 2147486208 2048 708560
945031 6 6 0 READ 2147484288 2048 709020
945185 6 6 8 READ 2147517824 2048 709490
945452 7 7 8 READ 2147517952 2048 709950
945372 7 7 2 READ 2147489536 2048 710420
945230 6 6 10 READ 2147521920 2048 710890
945536 7 7 10 READ 2147522048 2048 711350
944600 0 0 1 READ 2147495680 2048 711820
944581 10 10 1 READ 2147494016 2048 712280
945792 12 12 8 READ 2147525760 2048 712750
945681 12 12 2 READ 2147497344 2048 713220
957555 1 1 14 READ 2147530368 2048 713690
945311 2 2 4 READ 2147501056 2048 714160
945415 7 7 4 READ 2147501696 2048 714620
945580 7 7 12 READ 2147534208 2048 715090
947161 6 6 12 READ 2147534080 2048 715550
945347 2 2 6 READ 2147505152 2048 716020
945498 7 7 6 READ 2147505792 2048 716480
967102 10 10 14 READ 2147538688 2048 716950
945717 12 12 4 READ 2147509504 2048 717420
945754 12 12 6 READ 2147513600 2048 717900
945292 2 2 0 READ 2147483776 2048 718380
945352 7 7 0 READ 2147484416 2048 718840
967657 2 2 3 READ 2147490944 2048 719320
970763 3 3 3 READ 2147491072 2048 719780
945142 13 13 0 READ 2147493376 2048 720260
967837 13 13 3 READ 2147499520 2048 720740
1005418 4 4 16 READ 2147542912 2048 721270
945279 3 3 1 READ 2147486976 2048 721760
945937 8 8 1 READ 2147487616 2048 722220
972351 1 1 3 READ 2147490816 2048 722700
980115 4 4 3 READ 2147491200 2048 723160
945619 12 12 0 READ 2147493248 2048 723640
945440 13 13 1 READ 2147495424 2048 724100
976118 12 12 3 READ 2147499392 2048 724580
946336 2 2 1 READ 2147486848 2048 725140
947439 7 7 1 READ 2147487488 2048 725600
980528 6 6 3 READ 2147491456 2048 726080
945587 1 1 4 READ 2147492736 2048 726560
945461 13 13 1 READ 2147494400 2048 727020
980369 9 9 3 READ 2147499008 2048 727500
983784 10 10 3 READ 2147499136 2048 727960
1017887 2 2 5 READ 2147503104 2048 728440
948467 1 1 1 READ 2147486720 2048 728980
949457 6 6 1 READ 2147487360 2048 729440
983842 7 7 3 READ 2147491584 2048 729920
948576 14 14 1 READ 2147495552 2048 730400
997987 0 0 16 READ 2147558656 2048 730860
1018049 14 14 16 READ 2147558528 2048 731320
984385 0 0 3 READ 2147499776 2048 731800
1024244 14 14 5 READ 2147511808 2048 732320
1023957 2 2 16 READ 2147542656 2048 732790
954472 4 4 1 READ 2147487104 2048 733280
1006255 8 8 16 READ 2147550592 2048 733740
1023049 13 13 16 READ 2147558400 2048 734240
1028112 7 7 5 READ 2147503744 2048 734740
1029357 4 4 5 READ 2147503360 2048 735200
1026302 12 12 5 READ 2147511552 2048 735700
1025309 1 1 16 READ 2147542528 2048 736170
1007245 12 12 16 READ 2147550080 2048 736660
1014119 11 11 16 READ 2147550976 2048 737120
1030119 6 6 5 READ 2147503616 2048 737660
1031768 11 11 5 READ 2147511424 2048 738160
1013268 7 7 16 READ 2147550464 2048 738660
1019604 5 5 16 READ 2147549184 2048 739120
1034616 8 8 5 READ 2147503872 2048 739660
1037405 0 0 5 READ 2147511936 2048 740160
1038482 3 3 16 READ 2147542784 2048 740630
1030536 9 9 16 READ 2147550720 2048 741120
1027304 6 6 16 READ 2147550336 2048 741580
1038894 1 1 5 READ 2147495808 2048 742080
1042294 13 13 5 READ 2147511680 2048 743100
1043997 3 3 5 READ 2147503232 2048 744160
1044011 3 3 5 READ 2147502208 2048 745740
1047311 5 5 5 READ 2147503488 2048 746520
1052544 4 4 18 READ 2147547008 2048 750250
1054054 9 9 5 READ 2147504000 2048 751280
1063269 12 12 18 READ 2147555200 2048 757920
1063482 8 8 18 READ 2147554688 2048 759500
1068117 10 10 18 READ 2147554944 2048 761240
1070257 5 5 18 READ 2147554304 2048 762820
1070609 6 6 18 READ 2147554432 2048 763280
1072409 11 11 18 READ 2147555072 2048 764380
1072424 11 11 18 READ 2147554048 2048 764840
1072703 7 7 18 READ 2147553536 2048 765300
1073939 1 1 18 READ 2147546624 2048 765890
1076166 2 2 18 READ 2147546752 2048 767470
1078763 0 0 18 READ 2147562752 2048 768800
1080374 0 0 7 READ 2147516032 2048 769980
1081829 2 2 7 READ 2147507200 2048 771040
1083478 13 13 18 READ 2147562496 2048 772100
1087918 14 14 18 READ 2147562624 2048 775280
1090733 9 9 18 READ 2147554816 2048 777140
1094784 3 3 18 READ 2147546880 2048 780130
1095220 4 4 7 READ 2147507456 2048 780700
1096085 14 14 7 READ 2147515904 2048 781200
1097194 5 5 7 READ 2147507584 2048 782270
1098155 13 13 7 READ 2147515776 2048 782770
1098322 10 10 7 READ 2147515392 2048 783230
1099317 12 12 7 READ 2147515648 2048 784330
1101473 11 11 7 READ 2147515520 2048 784790
1101489 11 11 7 READ 2147514496 2048 785250
1101383 6 6 7 READ 2147507712 2048 785830
1102236 9 9 7 READ 2147508096 2048 786290
1109890 7 7 7 READ 2147507840 2048 790270
1111609 1 1 7 READ 2147499904 2048 791490
1113619 8 8 7 READ 2147507968 2048 792790
1126511 12 12 20 READ 2147567360 2048 801710
1131202 2 2 20 READ 2147558912 2048 805170
1136024 11 11 20 READ 2147567232 2048 808550
1136084 4 4 20 READ 2147559168 2048 809130
1139970 7 7 20 READ 2147566720 2048 811390
1140641 1 1 20 READ 2147558784 2048 811970
1144790 8 8 20 READ 2147566848 2048 814710
1145393 3 3 7 READ 2147507328 2048 815190
1146979 3 3 20 READ 2147559040 2048 816230
1146340 10 10 20 READ 2147567104 2048 816730
1151318 9 9 20 READ 2147566976 2048 819430
1155052 13 13 20 READ 2147567488 2048 821970
1158992 0 0 20 READ 2147574912 2048 824710
1159143 2 2 9 READ 2147512192 2048 825170
1159852 5 5 20 READ 2147559296 2048 825710
1163738 14 14 20 READ 2147574784 2048 828010
1166113 0 0 9 READ 2147528192 2048 829680
1167253 11 11 9 READ 2147527680 2048 831260
1168375 10 10 9 READ 2147520384 2048 831840
1170169 6 6 9 READ 2147519872 2048 833420
1173722 12 12 9 READ 2147527808 2048 835040
1175319 4 4 9 READ 2147519616 2048 836100
1173737 12 12 9 READ 2147526784 2048 836600
1177868 8 8 9 READ 2147520128 2048 837980
1181814 14 14 9 READ 2147528064 2048 840880
1184241 7 7 9 READ 2147520000 2048 842420
1187590 9 9 9 READ 2147520256 2048 844800
1189838 1 1 9 READ 2147512064 2048 846490
1190865 5 5 9 READ 2147519744 2048 847160
1192801 3 3 9 READ 2147519488 2048 848740
1195888 13 13 9 READ 2147527936 2048 850680
1197630 4 4 22 READ 2147563264 2048 851950
1205395 12 12 22 READ 2147571456 2048 857570
1206003 6 6 22 READ 2147570688 2048 859150
1207213 10 10 22 READ 2147571200 2048 859610
1209726 0 0 22 READ 2147579008 2048 860590
1212450 14 14 22 READ 2147578880 2048 862490
1213491 13 13 22 READ 2147571584 2048 863230
1214644 2 2 22 READ 2147563008 2048 864130
1214826 8 8 22 READ 2147570944 2048 864790
1214842 8 8 22 READ 2147569920 2048 865250
1217296 7 7 22 READ 2147570816 2048 866350
1217311 7 7 22 READ 2147569792 2048 866810
1219495 1 1 22 READ 2147562880 2048 867390
1220077 11 11 22 READ 2147571328 2048 867890
1225492 12 12 11 READ 2147531904 2048 871680
1227304 5 5 22 READ 2147563392 2048 872930
1228010 0 0 11 READ 2147532288 2048 873560
1229209 7 7 11 READ 2147524096 2048 874300
1231972 13 13 11 READ 2147532032 2048 876240
1234157 9 9 22 READ 2147571072 2048 877690
1232230 11 11 11 READ 2147531776 2048 878280
1237769 4 4 11 READ 2147523712 2048 880140
1237993 14 14 11 READ 2147532160 2048 880640
1243537 3 3 22 READ 2147563136 2048 884130
1244148 2 2 11 READ 2147516288 2048 884670
1247727 10 10 11 READ 2147524480 2048 887100
1250746 9 9 11 READ 2147524352 2048 889160
1251053 5 5 11 READ 2147523840 2048 890740
1252773 3 3 11 READ 2147523584 2048 891200
1253852 6 6 11 READ 2147523968 2048 892300
1258576 8 8 11 READ 2147524224 2048 894520
1258597 8 8 11 READ 2147523200 2048 896100
1262314 2 2 24 READ 2147575168 2048 896970
1266043 1 1 11 READ 2147516160 2048 899690
1274103 4 4 24 READ 2147575424 2048 905250
1276112 1 1 24 READ 2147575040 2048 906830
1277258 5 5 24 READ 2147575552 2048 907450
1279238 7 7 24 READ 2147582976 2048 908920
1279703 7 7 13 READ 2147536256 2048 909460
1279826 0 0 13 READ 2147544448 2048 909960
1280684 8 8 24 READ 2147583104 2048 910460
1280696 8 8 24 READ 2147582080 2048 910920
1283925 6 6 24 READ 2147575680 2048 912130
1284310 12 12 24 READ 2147583616 2048 912640
1284564 0 0 24 READ 2147591168 2048 913140
1284624 2 2 13 READ 2147528448 2048 913600
1285397 11 11 13 READ 2147536768 2048 914100
1286340 14 14 13 READ 2147544320 2048 914600
1287747 10 10 24 READ 2147582336 2048 915100
1287294 6 6 13 READ 2147536128 2048 915640
1287309 6 6 13 READ 2147535104 2048 916100
1290971 12 12 13 READ 2147544064 2048 917080
1290866 11 11 24 READ 2147583488 2048 917580
1289532 10 10 13 READ 2147536640 2048 918120
1293579 13 13 13 READ 2147544192 2048 918940
1291920 13 13 24 READ 2147583744 2048 919440
1296680 9 9 24 READ 2147583232 2048 921020
1296692 9 9 24 READ 2147582208 2048 921480
1297045 1 1 13 READ 2147528320 2048 921980
1303447 14 14 24 READ 2147583872 2048 925920
1307400 3 3 24 READ 2147575296 2048 928730
1308709 5 5 13 READ 2147536000 2048 929640
1314958 9 9 13 READ 2147536512 2048 934100
1316338 11 11 15 READ 2147540864 2048 935060
1317028 3 3 13 READ 2147528576 2048 935620
1317288 12 12 15 READ 2147548160 2048 936180
1317916 2 2 15 READ 2147532544 2048 936720
1318249 7 7 15 READ 2147540352 2048 937220
1319424 6 6 15 READ 2147540224 2048 937680
1319085 1 1 15 READ 2147532416 2048 938260
1319101 1 1 15 READ 2147531392 2048 938720
1320363 4 4 15 READ 2147539968 2048 939220
1321901 10 10 15 READ 2147539712 2048 939680
1322340 13 13 15 READ 2147548288 2048 940180
1322931 5 5 15 READ 2147540096 2048 940760
1322951 5 5 15 READ 2147539072 2048 941220
1324752 14 14 15 READ 2147548416 2048 941720
1324762 14 14 15 READ 2147547392 2048 942180
1330489 0 0 15 READ 2147548544 2048 944560
1333791 8 8 15 READ 2147540480 2048 946740
1342032 8 8 17 READ 2147552640 2048 952370
1343249 9 9 15 READ 2147540608 2048 953260
1342051 8 8 17 READ 2147551616 2048 953930
1345346 6 6 17 READ 2147552384 2048 954710
1354512 5 5 17 READ 2147552256 2048 961250
1354851 0 0 17 READ 2147560704 2048 961750
1355038 2 2 17 READ 2147544704 2048 962300
1355422 1 1 17 READ 2147544576 2048 962760
1355662 10 10 17 READ 2147552896 2048 963250
1356868 7 7 17 READ 2147552512 2048 963710
1356467 14 14 17 READ 2147560576 2048 964210
1359431 3 3 15 READ 2147532672 2048 964700
1360675 12 12 17 READ 2147553152 2048 965570
1363816 11 11 17 READ 2147553024 2048 967790
1374406 13 13 17 READ 2147560448 2048 975330
1374633 4 4 17 READ 2147544960 2048 975880
1378181 3 3 17 READ 2147544832 2048 977940
1382507 1 1 26 READ 2147579136 2048 980970
1383381 9 9 17 READ 2147552768 2048 981610
1390450 0 0 26 READ 2147595264 2048 986620
1394690 13 13 26 READ 2147587840 2048 989600
1395062 7 7 26 READ 2147587072 2048 991180
1398516 8 8 26 READ 2147587200 2048 992280
1398690 10 10 26 READ 2147587456 2048 992740
1399367 12 12 26 READ 2147587712 2048 994000
1401678 6 6 26 READ 2147579776 2048 994570
1401684 14 14 26 READ 2147587968 2048 995080
1401739 11 11 26 READ 2147587584 2048 995550
1401752 11 11 26 READ 2147586560 2048 996010
1402066 5 5 26 READ 2147579648 2048 996580
1405610 4 4 26 READ 2147579520 2048 998160
1408375 3 3 26 READ 2147579392 2048 999260
1416006 10 10 19 READ 2147556992 2048 1004720
1420768 2 2 26 READ 2147579264 2048 1008020
1420709 6 6 19 READ 2147556480 2048 1008520
1421298 9 9 26 READ 2147587328 2048 1008990
1422907 13 13 19 READ 2147564544 2048 1009480
1422455 7 7 19 READ 2147556608 2048 1010060
1422474 7 7 19 READ 2147555584 2048 1010530
1425620 5 5 19 READ 2147556352 2048 1011630
1425632 5 5 19 READ 2147555328 2048 1012090
1426173 0 0 19 READ 2147564800 2048 1012590
1426326 14 14 19 READ 2147564672 2048 1013050
1433981 1 1 19 READ 2147548672 2048 1017120
1435031 11 11 19 READ 2147557120 2048 1017770
1440682 2 2 19 READ 2147548800 2048 1021720
1443401 12 12 19 READ 2147557248 2048 1023490
1443414 12 12 19 READ 2147556224 2048 1025070
1443693 8 8 19 READ 2147555712 2048 1025530
1459614 4 4 19 READ 2147549056 2048 1034920
1467986 3 3 19 READ 2147548928 2048 1040820
1471519 9 9 19 READ 2147556864 2048 1043230
1528011 13 13 21 READ 2147569536 2048 1083270
1533017 1 1 28 READ 2147591296 2048 1086900
1541055 4 4 28 READ 2147591680 2048 1092640
1541541 7 7 28 READ 2147592064 2048 1094220
1546284 8 8 28 READ 2147599360 2048 1096320
1547994 5 5 21 READ 2147561344 2048 1097370
1548845 6 6 28 READ 2147591936 2048 1098000
1550337 0 0 28 READ 2147600256 2048 1099140
1555683 1 1 21 READ 2147560832 2048 1102910
1557140 14 14 28 READ 2147600128 2048 1103900
1560252 14 14 21 READ 2147576832 2048 1106150
1566216 9 9 28 READ 2147599488 2048 1110260
1568110 5 5 28 READ 2147591808 2048 1111640
1568246 11 11 28 READ 2147599744 2048 1112140
1568297 2 2 21 READ 2147560960 2048 1112710
1569237 8 8 21 READ 2147568896 2048 1113220
1568975 12 12 28 READ 2147599872 2048 1113690
1568997 12 12 28 READ 2147598848 2048 1114150
1569333 13 13 28 READ 2147600000 2048 1114610
1573604 10 10 21 READ 2147569152 2048 1115540
1574342 7 7 21 READ 2147568768 2048 1117120
1574373 11 11 21 READ 2147569280 2048 1117580
1576542 3 3 28 READ 2147591552 2048 1118170
1578211 4 4 21 READ 2147561216 2048 1118780
1578335 9 9 21 READ 2147569024 2048 1119280
1583716 10 10 28 READ 2147599616 2048 1122630
1587550 6 6 21 READ 2147568640 2048 1125320
1587942 2 2 28 READ 2147591424 2048 1125910
1594428 0 0 21 READ 2147576960 2048 1130280
1597636 3 3 21 READ 2147561088 2048 1132580
1668921 7 7 30 READ 2147596160 2048 1183150
1676579 8 8 30 READ 2147603456 2048 1188610
1679622 11 11 30 READ 2147603840 2048 1190830
1682179 6 6 30 READ 2147596032 2048 1192530
1683688 14 14 30 READ 2147604224 2048 1193670
1683917 5 5 30 READ 2147595904 2048 1194250
1686110 10 10 30 READ 2147603712 2048 1195230
1689299 12 12 30 READ 2147603968 2048 1197610
1691208 0 0 30 READ 2147604352 2048 1199190
1695118 1 1 30 READ 2147595392 2048 1201690
1695264 4 4 30 READ 2147595776 2048 1202150
1697720 2 2 30 READ 2147595520 2048 1203570
1703272 14 14 23 READ 2147580928 2048 1207460
1703565 13 13 30 READ 2147604096 2048 1208050
1707864 3 3 30 READ 2147595648 2048 1210710
1711390 1 1 23 READ 2147564928 2048 1213240
1711663 13 13 23 READ 2147573632 2048 1213740
1712267 10 10 23 READ 2147573248 2048 1214200
1713565 9 9 30 READ 2147603584 2048 1214670
1712284 10 10 23 READ 2147572224 2048 1215280
1714943 5 5 23 READ 2147565440 2048 1215860
1717346 7 7 23 READ 2147572864 2048 1217320
1722727 11 11 23 READ 2147573376 2048 1221140
1726381 6 6 23 READ 2147572736 2048 1223520
1730192 2 2 23 READ 2147565056 2048 1226180
1732752 8 8 23 READ 2147572992 2048 1227960
1734559 4 4 23 READ 2147565312 2048 1229180
1740781 12 12 23 READ 2147573504 2048 1233520
1741150 0 0 23 READ 2147581056 2048 1234020
1756870 3 3 23 READ 2147565184 2048 1244800
1778055 9 9 23 READ 2147573120 2048 1259700
1848980 2 2 25 READ 2147577216 2048 1310100
1849141 1 1 25 READ 2147577088 2048 1310560
1854655 6 6 25 READ 2147577728 2048 1314060
1855499 11 11 0 READ 2147607552 2048 1314690
1861871 4 4 25 READ 2147577472 2048 1319140
1862675 13 13 25 READ 2147585792 2048 1319810
1862741 8 8 25 READ 2147585152 2048 1320270
1863784 11 11 25 READ 2147585536 2048 1321370
1865588 11 11 2 READ 2147611648 2048 1321970
1867006 13 13 0 READ 2147607808 2048 1322890
1868116 14 14 25 READ 2147585920 2048 1323710
1868188 9 9 0 READ 2147607936 2048 1324450
1868487 12 12 0 READ 2147607680 2048 1324910
1870574 4 4 0 READ 2147616512 2048 1325400
1869259 10 10 0 READ 2147608064 2048 1325990
1869272 10 10 0 READ 2147607040 2048 1326450
1871348 5 5 0 READ 2147607296 2048 1326910
1872866 12 12 2 READ 2147611776 2048 1327390
1870909 7 7 0 READ 2147616128 2048 1327860
1871525 12 12 25 READ 2147585664 2048 1328330
1871560 0 0 0 READ 2147608448 2048 1328910
1875618 1 1 0 READ 2147616384 2048 1329400
1875635 1 1 0 READ 2147615360 2048 1329870
1875794 6 6 0 READ 2147616256 2048 1330330
1877374 10 10 2 READ 2147612160 2048 1330940
1876619 2 2 0 READ 2147616000 2048 1331410
1878701 3 3 0 READ 2147615744 2048 1331870
1878718 3 3 0 READ 2147614720 2048 1332330
1878690 7 7 25 READ 2147585024 2048 1332800
1880259 8 8 2 READ 2147619968 2048 1333270
1880410 5 5 2 READ 2147612416 2048 1333860
1880751 14 14 2 READ 2147612288 2048 1334320
1883901 7 7 2 READ 2147620224 2048 1334810
1883942 6 6 2 READ 2147620352 2048 1335270
1884144 1 1 2 READ 2147620480 2048 1335730
1884852 0 0 25 READ 2147593216 2048 1336220
1883975 5 5 25 READ 2147577600 2048 1336750
1881419 0 0 2 READ 2147612544 2048 1337240
1887180 9 9 25 READ 2147585280 2048 1337720
1884156 1 1 2 READ 2147619456 2048 1338190
1885072 3 3 2 READ 2147619840 2048 1338650
1886865 2 2 2 READ 2147619072 2048 1339750
1887646 4 4 2 READ 2147620608 2048 1340210
1902176 3 3 25 READ 2147577344 2048 1347490
1939622 2 2 4 READ 2147623936 2048 1374270
1941036 0 0 4 READ 2147616640 2048 1375170
1952359 4 4 4 READ 2147624064 2048 1383190
1953424 13 13 4 READ 2147624448 2048 1384770
1954045 14 14 4 READ 2147624192 2048 1385230
1955506 2 2 27 READ 2147581312 2048 1385790
1957791 4 4 27 READ 2147581568 2048 1387370
1957892 1 1 27 READ 2147581184 2048 1387830
1959399 11 11 4 READ 2147624832 2048 1388350
1960522 2 2 6 READ 2147628032 2048 1388990
1961182 8 8 27 READ 2147589248 2048 1389580
1960412 5 5 4 READ 2147624320 2048 1390050
1961606 12 12 4 READ 2147624704 2048 1390510
1961368 6 6 4 READ 2147632128 2048 1391010
1964938 10 10 4 READ 2147624576 2048 1392070
1965853 7 7 4 READ 2147632384 2048 1392730
1965992 1 1 4 READ 2147632512 2048 1393190
1966028 6 6 27 READ 2147581824 2048 1393710
1967047 11 11 27 READ 2147589632 2048 1394220
1967631 12 12 27 READ 2147589760 2048 1394680
1969148 4 4 6 READ 2147628160 2048 1395170
1968865 9 9 4 READ 2147632256 2048 1395650
1969359 5 5 27 READ 2147581696 2048 1396170
1968719 0 0 6 READ 2147620736 2048 1396670
1972085 10 10 27 READ 2147589504 2048 1397140
1972413 7 7 27 READ 2147589120 2048 1397600
1970489 13 13 6 READ 2147628544 2048 1398090
1970790 8 8 4 READ 2147632640 2048 1398570
1975220 3 3 27 READ 2147581440 2048 1399090
1974582 11 11 6 READ 2147628928 2048 1399630
1974600 11 11 6 READ 2147627904 2048 1400090
1974978 12 12 6 READ 2147628800 2048 1400550
1977309 8 8 6 READ 2147636736 2048 1401050
1976877 13 13 27 READ 2147589888 2048 1401600
1976604 10 10 6 READ 2147628672 2048 1402090
1977754 5 5 6 READ 2147627392 2048 1402550
1981130 9 9 6 READ 2147636352 2048 1403050
1983559 0 0 27 READ 2147597312 2048 1404440
1983205 7 7 6 READ 2147636480 2048 1404930
1984245 1 1 6 READ 2147636608 2048 1405390
1987711 14 14 27 READ 2147590016 2048 1407380
2000903 9 9 27 READ 2147589376 2048 1416640
2001781 3 3 4 READ 2147632768 2048 1417150
2012660 3 3 6 READ 2147636864 2048 1424830
2034408 8 8 29 READ 2147601408 2048 1440320
2035447 4 4 29 READ 2147593728 2048 1441060
2044058 12 12 29 READ 2147601920 2048 1447160
2046834 1 1 29 READ 2147593344 2048 1449020
2048145 10 10 29 READ 2147601664 2048 1450000
2047636 6 6 29 READ 2147593984 2048 1450580
2050878 2 2 29 READ 2147593472 2048 1452000
2054968 0 0 29 READ 2147602304 2048 1454740
2055492 7 7 29 READ 2147594112 2048 1455320
2060380 9 9 29 READ 2147601536 2048 1458700
2061987 5 5 29 READ 2147593856 2048 1459920
2064879 3 3 29 READ 2147593600 2048 1461820
2071200 14 14 29 READ 2147602176 2048 1466320
2076012 11 11 29 READ 2147601792 2048 1469820
2079563 13 13 29 READ 2147602048 2048 1472360
2096832 0 0 8 READ 2147633024 2048 1484650
2100143 7 7 8 READ 2147640320 2048 1486910
2105131 11 11 8 READ 2147640576 2048 1490410
2106276 12 12 8 READ 2147632896 2048 1491310
2106017 13 13 8 READ 2147640448 2048 1491970
2106029 13 13 8 READ 2147639424 2048 1492430
2109682 4 4 8 READ 2147640704 2048 1493690
2110170 14 14 8 READ 2147640832 2048 1494150
2113493 2 2 8 READ 2147640960 2048 1496370
2116619 10 10 8 READ 2147641088 2048 1498590
2119918 9 9 8 READ 2147641216 2048 1500970
2121730 7 7 10 READ 2147644416 2048 1502250
2121829 3 3 8 READ 2147648640 2048 1502740
2123631 13 13 10 READ 2147644544 2048 1503810
2123647 13 13 10 READ 2147643520 2048 1504270
2123873 8 8 8 READ 2147648896 2048 1504760
2123882 5 5 8 READ 2147648512 2048 1505220
2126610 2 2 31 READ 2147597568 2048 1505740
2125852 2 2 10 READ 2147645056 2048 1506270
2128103 6 6 8 READ 2147648768 2048 1506760
2127740 0 0 31 READ 2147606400 2048 1507320
2128020 8 8 31 READ 2147605504 2048 1507780
2128673 14 14 10 READ 2147644928 2048 1508270
2130231 0 0 10 READ 2147637120 2048 1508850
2133060 12 12 31 READ 2147606016 2048 1510120
2133699 1 1 8 READ 2147649024 2048 1510670
2132099 12 12 10 READ 2147636992 2048 1511220
2134199 4 4 10 READ 2147644800 2048 1511720
2135735 9 9 31 READ 2147605632 2048 1512310
2135958 10 10 31 READ 2147605760 2048 1512770
2135660 10 10 10 READ 2147645184 2048 1513260
2135677 10 10 10 READ 2147644160 2048 1513720
2139900 14 14 31 READ 2147606272 2048 1514790
2141515 9 9 10 READ 2147645312 2048 1515920
2142112 7 7 31 READ 2147598208 2048 1516470
2144546 5 5 10 READ 2147652608 2048 1517850
2149572 8 8 10 READ 2147652992 2048 1521350
2151556 1 1 31 READ 2147597440 2048 1522650
2152568 1 1 10 READ 2147653120 2048 1523390
2153763 4 4 31 READ 2147597824 2048 1524210
2154097 6 6 31 READ 2147598080 2048 1524670
2156858 6 6 10 READ 2147652864 2048 1526370
2159889 13 13 31 READ 2147606144 2048 1528510
2160747 11 11 31 READ 2147605888 2048 1530090
2167714 5 5 31 READ 2147597952 2048 1533870
2176255 3 3 31 READ 2147597696 2048 1539770
2216124 0 0 1 READ 2147610496 2048 1568130
2219719 2 2 12 READ 2147649408 2048 1570710
2219896 10 10 12 READ 2147657216 2048 1571210
2220840 7 7 12 READ 2147656704 2048 1572790
2221786 1 1 12 READ 2147656960 2048 1573250
2222551 13 13 12 READ 2147657344 2048 1574350
2222559 13 13 12 READ 2147656320 2048 1574810
2225667 12 12 12 READ 2147649280 2048 1575390
2227984 2 2 1 READ 2147618048 2048 1576480
2228764 4 4 12 READ 2147657088 2048 1577150
2229385 0 0 12 READ 2147664896 2048 1577650
2229200 11 11 12 READ 2147649152 2048 1578190
2229959 14 14 12 READ 2147657600 2048 1578690
2231574 8 8 12 READ 2147665024 2048 1579190
2231589 8 8 12 READ 2147664000 2048 1579650
2235588 5 5 12 READ 2147657472 2048 1581830
2236412 10 10 1 READ 2147610112 2048 1582370
2236028 7 7 1 READ 2147618176 2048 1582860
2236558 6 6 12 READ 2147656832 2048 1583370
2236574 6 6 12 READ 2147655808 2048 1583830
2238888 6 6 1 READ 2147618304 2048 1584400
2238902 6 6 1 READ 2147617280 2048 1584860
2241406 5 5 1 READ 2147610368 2048 1585930
2242419 12 12 1 READ 2147609728 2048 1587510
2244132 14 14 1 READ 2147610240 2048 1587970
2244110 4 4 1 READ 2147618560 2048 1588460
2244157 1 1 1 READ 2147618432 2048 1588920
2245979 7 7 14 READ 2147660800 2048 1589450
2246026 13 13 1 READ 2147609856 2048 1589970
2247292 9 9 12 READ 2147665152 2048 1590550
2249893 14 14 14 READ 2147661696 2048 1591950
2252178 1 1 14 READ 2147661056 2048 1593530
2252435 8 8 1 READ 2147617920 2048 1594080
2252504 3 3 1 READ 2147617792 2048 1594540
2253019 4 4 14 READ 2147661184 2048 1595070
2254653 10 10 14 READ 2147661312 2048 1595530
2254054 3 3 12 READ 2147665280 2048 1596010
2254669 10 10 14 READ 2147660288 2048 1596610
2254920 13 13 14 READ 2147661440 2048 1597070
2257942 0 0 14 READ 2147668992 2048 1597570
2256730 2 2 14 READ 2147653504 2048 1598110
2258621 5 5 14 READ 2147661568 2048 1598610
2265062 8 8 14 READ 2147669120 2048 1602630
2265285 9 9 1 READ 2147609984 2048 1603110
2266752 11 11 14 READ 2147653248 2048 1603790
2267988 6 6 14 READ 2147660928 2048 1604610
2268831 12 12 14 READ 2147653376 2048 1605350
2268843 12 12 14 READ 2147652352 2048 1605810
2274119 9 9 14 READ 2147669248 2048 1608910
2288518 3 3 14 READ 2147669376 2048 1619130
2302804 0 0 3 READ 2147614592 2048 1629230
2313125 10 10 3 READ 2147614208 2048 1636570
2316486 6 6 3 READ 2147622400 2048 1638980
2326048 1 1 3 READ 2147622528 2048 1645680
2328244 7 7 3 READ 2147622272 2048 1647260
2328346 4 4 3 READ 2147622656 2048 1647720
2329131 5 5 3 READ 2147614464 2048 1648310
2329176 14 14 3 READ 2147614336 2048 1648770
2331602 2 2 3 READ 2147622144 2048 1649580
2331029 12 12 3 READ 2147613824 2048 1650170
2332675 11 11 3 READ 2147613696 2048 1650630
2333812 13 13 3 READ 2147613952 2048 1651730
2333828 13 13 3 READ 2147612928 2048 1652190
2339466 3 3 3 READ 2147621888 2048 1654760
2341778 8 8 3 READ 2147622016 2048 1656340
2347947 9 9 3 READ 2147614080 2048 1660610
2355045 0 0 16 READ 2147673216 2048 1665530
2358997 10 10 16 READ 2147665408 2048 1668190
2360373 7 7 16 READ 2147665792 2048 1669770
2365392 13 13 16 READ 2147665664 2048 1672790
2368133 1 1 16 READ 2147673472 2048 1674730
2370026 8 8 16 READ 2147673984 2048 1676310
2373104 2 2 16 READ 2147672704 2048 1678210
2374851 6 6 16 READ 2147665536 2048 1679590
2373889 14 14 16 READ 2147673344 2048 1680090
2375998 11 11 16 READ 2147673600 2048 1681670
2378606 12 12 16 READ 2147673856 2048 1682130
2378620 12 12 16 READ 2147672832 2048 1683230
2382168 5 5 16 READ 2147673088 2048 1684650
2392095 13 13 18 READ 2147669760 2048 1691650
2392262 4 4 16 READ 2147681280 2048 1692160
2393689 10 10 18 READ 2147669504 2048 1693210
2395827 9 9 16 READ 2147681536 2048 1694360
2397934 12 12 5 READ 2147626752 2048 1695820
2402108 13 13 5 READ 2147626496 2048 1698680
2404486 3 3 16 READ 2147681408 2048 1700540
2404965 6 6 18 READ 2147669632 2048 1701110
2406808 14 14 18 READ 2147677440 2048 1702090
2407194 7 7 5 READ 2147634432 2048 1702640
2407747 5 5 5 READ 2147626368 2048 1703220
2409166 7 7 18 READ 2147669888 2048 1703910
2410230 6 6 5 READ 2147634176 2048 1704660
2410912 11 11 18 READ 2147677696 2048 1705190
2411264 1 1 18 READ 2147677568 2048 1705650
2412651 0 0 5 READ 2147618688 2048 1706280
2413273 14 14 5 READ 2147626240 2048 1706780
2413209 0 0 18 READ 2147677312 2048 1707350
2413791 2 2 5 READ 2147625984 2048 1708340
2413805 2 2 5 READ 2147624960 2048 1708800
2414773 4 4 5 READ 2147626112 2048 1709260
2416654 5 5 18 READ 2147677184 2048 1709830
2419118 9 9 5 READ 2147634304 2048 1710700
2420147 10 10 5 READ 2147626624 2048 1711440
2420284 11 11 5 READ 2147626880 2048 1713020
2422810 1 1 5 READ 2147634560 2048 1713520
2423369 8 8 18 READ 2147678080 2048 1714050
2424527 2 2 18 READ 2147677824 2048 1715630
2426773 12 12 18 READ 2147677952 2048 1716090
2427411 4 4 18 READ 2147685376 2048 1716580
2428194 8 8 5 READ 2147634688 2048 1717100
2432410 9 9 18 READ 2147685632 2048 1720060
2441224 3 3 5 READ 2147634816 2048 1726340
2444687 3 3 18 READ 2147685504 2048 1728660
2479892 11 11 7 READ 2147630976 2048 1753800
2483399 8 8 7 READ 2147638784 2048 1756220
2491620 9 9 7 READ 2147638400 2048 1762120
2491981 12 12 7 READ 2147630848 2048 1762700
2494885 0 0 7 READ 2147622784 2048 1764400
2498260 6 6 7 READ 2147638272 2048 1766700
2500478 13 13 7 READ 2147630592 2048 1768240
2500681 1 1 7 READ 2147638656 2048 1768740
2501294 4 4 7 READ 2147630208 2048 1769800
2501717 5 5 7 READ 2147630464 2048 1770260
2503633 10 10 7 READ 2147630720 2048 1771360
2507651 2 2 7 READ 2147630080 2048 1773260
2517469 14 14 7 READ 2147630336 2048 1780280
2528366 7 7 7 READ 2147638528 2048 1788140
2530558 3 3 7 READ 2147638912 2048 1789720
2571833 8 8 9 READ 2147650944 2048 1818890
2578628 11 11 9 READ 2147642624 2048 1823780
2580189 1 1 9 READ 2147651072 2048 1824770
2591576 13 13 9 READ 2147642496 2048 1833020
2594739 6 6 9 READ 2147650816 2048 1835130
2596158 14 14 9 READ 2147642880 2048 1836180
2595280 5 5 9 READ 2147650560 2048 1836690
2595293 5 5 9 READ 2147649536 2048 1837150
2597341 12 12 9 READ 2147634944 2048 1837680
2596688 9 9 9 READ 2147643264 2048 1838180
2602561 2 2 9 READ 2147643008 2048 1840720
2603949 4 4 9 READ 2147642752 2048 1842300
2605670 14 14 20 READ 2147681664 2048 1842800
2607421 10 10 9 READ 2147643136 2048 1844180
2610099 3 3 9 READ 2147650688 2048 1845970
2610208 7 7 9 READ 2147642368 2048 1846540
2614346 10 10 20 READ 2147682048 2048 1848960
2614885 13 13 20 READ 2147681920 2048 1850540
2618626 0 0 9 READ 2147635072 2048 1852040
2623026 11 11 20 READ 2147689600 2048 1855180
2625389 1 1 20 READ 2147681792 2048 1856720
2626894 2 2 20 READ 2147689856 2048 1857860
2627802 5 5 20 READ 2147682176 2048 1858600
2632167 0 0 20 READ 2147690368 2048 1861660
2633331 12 12 20 READ 2147690240 2048 1863240
2633672 7 7 20 READ 2147689472 2048 1863700
2636383 14 14 22 READ 2147685760 2048 1864620
2638114 6 6 20 READ 2147689728 2048 1865740
2642106 8 8 20 READ 2147689984 2048 1868600
2643101 13 13 22 READ 2147684992 2048 1869360
2649527 2 2 22 READ 2147693952 2048 1873860
2649613 3 3 20 READ 2147697664 2048 1874340
2653016 10 10 22 READ 2147686144 2048 1876340
2653025 5 5 22 READ 2147686272 2048 1876800
2652955 8 8 22 READ 2147694080 2048 1877300
2654364 11 11 22 READ 2147693696 2048 1877760
2653032 10 10 22 READ 2147685120 2048 1878340
2653041 5 5 22 READ 2147685248 2048 1878800
2659093 12 12 22 READ 2147694336 2048 1880740
2659943 9 9 20 READ 2147697792 2048 1881220
2660351 4 4 22 READ 2147694208 2048 1882300
2662037 7 7 22 READ 2147693568 2048 1882760
2662521 6 6 22 READ 2147693824 2048 1883860
2662534 6 6 22 READ 2147692800 2048 1884320
2665291 0 0 22 READ 2147694464 2048 1885100
2665313 0 0 22 READ 2147693440 2048 1885560
2672147 6 6 11 READ 2147654912 2048 1889830
2674762 8 8 11 READ 2147655040 2048 1891730
2676521 5 5 11 READ 2147654656 2048 1893310
2677870 4 4 11 READ 2147646848 2048 1893880
2682850 11 11 11 READ 2147646720 2048 1897380
2683037 12 12 11 READ 2147639040 2048 1897960
2683361 3 3 22 READ 2147701760 2048 1898420
2685934 9 9 22 READ 2147701888 2048 1900000
2687903 14 14 11 READ 2147646976 2048 1901140
2696608 13 13 11 READ 2147646592 2048 1907200
2701349 1 1 11 READ 2147655168 2048 1910590
2702727 0 0 11 READ 2147639168 2048 1911600
2704467 3 3 11 READ 2147654784 2048 1912790
2708723 2 2 11 READ 2147647104 2048 1915760
2709557 7 7 11 READ 2147646464 2048 1917340
2711411 10 10 11 READ 2147647232 2048 1917800
2731033 9 9 11 READ 2147647360 2048 1931540
2731045 9 9 11 READ 2147646336 2048 1933120
2778193 5 5 13 READ 2147659520 2048 1965170
2780356 0 0 13 READ 2147666944 2048 1966630
2779489 10 10 13 READ 2147659264 2048 1967210
2779951 4 4 13 READ 2147659136 2048 1967670
2782299 14 14 13 READ 2147659648 2048 1968770
2783761 12 12 13 READ 2147651328 2048 1969350
2785150 8 8 13 READ 2147667072 2048 1970050
2785470 7 7 13 READ 2147658752 2048 1970630
2784923 2 2 13 READ 2147651456 2048 1971210
2785162 8 8 13 READ 2147666048 2048 1971750
2788171 6 6 13 READ 2147658880 2048 1972330
2793076 13 13 13 READ 2147659392 2048 1975670
2794805 3 3 13 READ 2147667328 2048 1976810
2793383 1 1 13 READ 2147659008 2048 1977390
2811819 8 8 24 READ 2147698304 2048 1988920
2813979 2 2 24 READ 2147697920 2048 1990500
2814257 4 4 24 READ 2147697024 2048 1990960
2814107 9 9 13 READ 2147667200 2048 1991430
2816285 1 1 24 READ 2147698176 2048 1992040
2816299 1 1 24 READ 2147697152 2048 1992500
2820630 6 6 24 READ 2147698432 2048 1995210
2822535 2 2 26 READ 2147702016 2048 1996490
2822964 12 12 24 READ 2147705856 2048 1996970
2823159 11 11 24 READ 2147698560 2048 1997550
2823679 5 5 24 READ 2147705984 2048 1998530
2823694 5 5 24 READ 2147704960 2048 1998990
2823907 10 10 24 READ 2147706112 2048 1999450
2826133 8 8 26 READ 2147702400 2048 2000050
2824980 13 13 24 READ 2147706496 2048 2000530
2825496 7 7 24 READ 2147706240 2048 2000990
2825509 7 7 24 READ 2147705216 2048 2001450
2830183 4 4 26 READ 2147702144 2048 2002050
2829703 14 14 24 READ 2147706752 2048 2002530
2830213 0 0 24 READ 2147706624 2048 2002990
2830788 1 1 26 READ 2147702272 2048 2003590
2830802 1 1 26 READ 2147701248 2048 2004050
2834522 10 10 26 READ 2147710208 2048 2005030
2836255 3 3 24 READ 2147706368 2048 2006270
2836384 12 12 26 READ 2147709952 2048 2006750
2837208 5 5 26 READ 2147710080 2048 2007210
2836776 7 7 15 READ 2147662848 2048 2007760
2837223 5 5 26 READ 2147709056 2048 2008290
2838173 7 7 26 READ 2147710336 2048 2008750
2841699 13 13 26 READ 2147710592 2048 2010010
2842222 14 14 15 READ 2147663744 2048 2010560
2842881 11 11 26 READ 2147702656 2048 2011050
2845339 10 10 15 READ 2147663360 2048 2012600
2846788 6 6 15 READ 2147662976 2048 2014180
2848302 14 14 26 READ 2147710848 2048 2014710
2847979 9 9 24 READ 2147714048 2048 2015200
2848716 4 4 15 READ 2147663232 2048 2015720
2849175 5 5 15 READ 2147663616 2048 2016180
2849250 3 3 26 READ 2147710464 2048 2016710
2852522 2 2 15 READ 2147655552 2048 2017700
2852634 1 1 15 READ 2147663104 2048 2018200
2853122 13 13 15 READ 2147663488 2048 2018660
2851321 0 0 26 READ 2147710720 2048 2019190
2857909 12 12 15 READ 2147655424 2048 2021460
2858525 0 0 15 READ 2147671040 2048 2022000
2859561 9 9 26 READ 2147718144 2048 2022540
2865203 8 8 15 READ 2147671168 2048 2026600
2868414 11 11 15 READ 2147655296 2048 2028900
2876670 3 3 15 READ 2147671424 2048 2034720
2884591 9 9 15 READ 2147671296 2048 2040300
2896221 4 4 17 READ 2147683328 2048 2048650
2896338 7 7 17 READ 2147667840 2048 2049200
2904924 6 6 17 READ 2147667584 2048 2054780
2906150 0 0 17 READ 2147675264 2048 2055600
2912033 13 13 17 READ 2147667712 2048 2059860
2915188 2 2 17 READ 2147675776 2048 2062120
2915447 10 10 17 READ 2147667456 2048 2062700
2915807 14 14 17 READ 2147675392 2048 2063680
2917126 5 5 17 READ 2147675136 2048 2064140
2918792 1 1 17 READ 2147675520 2048 2065240
2920148 12 12 17 READ 2147675904 2048 2065700
2927012 8 8 17 READ 2147676032 2048 2070480
2933216 2 2 28 READ 2147714176 2048 2074820
2936163 0 0 28 READ 2147714304 2048 2076880
2938127 3 3 17 READ 2147683456 2048 2078290
2939109 8 8 28 READ 2147714432 2048 2078920
2939847 2 2 30 READ 2147718272 2048 2079560
2940840 9 9 17 READ 2147683584 2048 2080310
2939278 10 10 28 READ 2147714816 2048 2080780
2943010 8 8 30 READ 2147718528 2048 2081740
2943340 14 14 28 READ 2147714944 2048 2082340
2943357 14 14 28 READ 2147713920 2048 2082800
2945078 0 0 30 READ 2147718400 2048 2083280
2945092 0 0 30 READ 2147717376 2048 2083740
2946525 7 7 28 READ 2147722240 2048 2084220
2946433 2 2 19 READ 2147679872 2048 2084780
2946137 12 12 30 READ 2147718656 2048 2085280
2946231 10 10 30 READ 2147717888 2048 2085740
2948268 1 1 28 READ 2147722368 2048 2086220
2948933 4 4 28 READ 2147722496 2048 2086680
2949873 9 9 28 READ 2147714688 2048 2087260
2951191 4 4 19 READ 2147687424 2048 2087730
2950976 6 6 28 READ 2147722624 2048 2088220
2951836 7 7 30 READ 2147726336 2048 2088700
2952342 7 7 19 READ 2147671936 2048 2089200
2952210 11 11 17 READ 2147675648 2048 2089680
2953360 8 8 19 READ 2147680128 2048 2090160
2952991 14 14 30 READ 2147719040 2048 2090660
2955630 13 13 28 READ 2147722752 2048 2091140
2953306 4 4 30 READ 2147726592 2048 2091620
2955985 6 6 30 READ 2147726720 2048 2092080
2955657 13 13 19 READ 2147671808 2048 2092580
2958600 5 5 28 READ 2147723008 2048 2093140
2959399 1 1 30 READ 2147726464 2048 2093620
2959162 6 6 19 READ 2147671680 2048 2094120
2959181 6 6 19 READ 2147670656 2048 2094580
2960171 12 12 19 READ 2147680000 2048 2095080
2961218 9 9 30 READ 2147718784 2048 2095580
2962040 13 13 30 READ 2147726848 2048 2096080
2962455 10 10 19 READ 2147671552 2048 2096580
2962015 0 0 19 READ 2147679360 2048 2097080
2964890 14 14 19 READ 2147679488 2048 2098660
2972918 9 9 19 READ 2147687680 2048 2103470
2973786 3 3 28 READ 2147723136 2048 2104120
2980534 3 3 19 READ 2147687552 2048 2109030
2981270 3 3 30 READ 2147727232 2048 2109700
2988849 2 2 21 READ 2147691904 2048 2115250
2990285 14 14 21 READ 2147683712 2048 2116310
2990654 1 1 21 READ 2147683840 2048 2117890
2990932 13 13 21 READ 2147683968 2048 2118350
2992616 4 4 21 READ 2147692160 2048 2118850
2992628 7 7 21 READ 2147691520 2048 2119310
2992653 10 10 21 READ 2147684096 2048 2119890
2993682 12 12 21 READ 2147692288 2048 2120390
2993695 12 12 21 READ 2147691264 2048 2120850
2996599 5 5 21 READ 2147684224 2048 2121430
2996948 0 0 21 READ 2147692416 2048 2121930
2996964 0 0 21 READ 2147691392 2048 2122390
2999679 9 9 21 READ 2147699840 2048 2123530
3001796 8 8 21 READ 2147692032 2048 2125070
3002964 11 11 28 READ 2147722880 2048 2126020
3002042 6 6 21 READ 2147691776 2048 2126630
3002058 6 6 21 READ 2147690752 2048 2127090
3015528 11 11 19 READ 2147679744 2048 2135670
3016687 11 11 30 READ 2147726976 2048 2136530
3020254 4 4 23 READ 2147696256 2048 2139380
3020694 3 3 21 READ 2147699712 2048 2139860
3021222 1 1 23 READ 2147687936 2048 2140420
3021799 7 7 23 READ 2147695616 2048 2140920
3021814 7 7 23 READ 2147694592 2048 2141380
3022297 0 0 23 READ 2147696512 2048 2141840
3021794 0 0 0 READ 2147730432 2048 2142330
3023592 2 2 23 READ 2147696000 2048 2142920
3026669 12 12 23 READ 2147696384 2048 2144340
3027501 10 10 0 READ 2147730560 2048 2144990
3027573 0 0 2 READ 2147734528 2048 2145470
3028425 8 8 23 READ 2147696128 2048 2146040
3029345 6 6 0 READ 2147730688 2048 2146530
3029355 6 6 0 READ 2147729664 2048 2146990
3028489 10 10 2 READ 2147734656 2048 2147470
3029136 10 10 23 READ 2147688192 2048 2148000
3030822 14 14 23 READ 2147687808 2048 2148460
3032258 6 6 23 READ 2147695872 2048 2148960
3031189 14 14 0 READ 2147731328 2048 2149450
3033349 6 6 2 READ 2147734784 2048 2149930
3033494 2 2 0 READ 2147738624 2048 2150410
3033848 2 2 2 READ 2147742720 2048 2150890
3031808 13 13 23 READ 2147688064 2048 2151380
3033125 1 1 0 READ 2147730816 2048 2151910
3034666 7 7 0 READ 2147730944 2048 2152370
3034142 1 1 2 READ 2147734912 2048 2152850
3035729 7 7 2 READ 2147735040 2048 2153310
3034696 12 12 0 READ 2147738752 2048 2153790
3036325 5 5 0 READ 2147731200 2048 2154370
3037349 9 9 23 READ 2147703936 2048 2154840
3036061 4 4 2 READ 2147734144 2048 2155310
3038961 5 5 2 READ 2147735296 2048 2155770
3038058 8 8 0 READ 2147739264 2048 2156250
3038483 13 13 2 READ 2147743104 2048 2156730
3039716 14 14 2 READ 2147735424 2048 2157310
3039506 8 8 2 READ 2147743360 2048 2158290
3039514 8 8 2 READ 2147742336 2048 2158750
3045646 1 1 25 READ 2147700224 2048 2161380
3047479 3 3 23 READ 2147703808 2048 2163300
3048938 14 14 25 READ 2147708800 2048 2164740
3049517 3 3 0 READ 2147739136 2048 2165370
3049833 8 8 25 READ 2147700352 2048 2165940
3050537 9 9 2 READ 2147743488 2048 2166470
3051137 9 9 0 READ 2147739392 2048 2167070
3050327 6 6 25 READ 2147700480 2048 2167640
3051719 4 4 25 READ 2147700096 2048 2168100
3051559 12 12 25 READ 2147707904 2048 2168600
3051683 3 3 2 READ 2147743232 2048 2169090
3052918 13 13 25 READ 2147708544 2048 2170160
3052926 13 13 25 READ 2147707520 2048 2170620
3055420 2 2 25 READ 2147699968 2048 2171520
3055075 0 0 25 READ 2147708672 2048 2172020
3055087 0 0 25 READ 2147707648 2048 2172480
3055476 5 5 25 READ 2147708032 2048 2172940
3059318 11 11 21 READ 2147691648 2048 2176040
3063288 9 9 25 READ 2147716096 2048 2180470
3063299 9 9 25 READ 2147715072 2048 2182050
3066458 3 3 25 READ 2147708416 2048 2184220
3067294 14 14 27 READ 2147712896 2048 2185180
3068896 8 8 27 READ 2147704448 2048 2187040
3070308 0 0 27 READ 2147712768 2048 2188660
3070375 1 1 27 READ 2147704320 2048 2189240
3070980 13 13 27 READ 2147712640 2048 2190220
3070991 13 13 27 READ 2147711616 2048 2190680
3071897 6 6 27 READ 2147704576 2048 2191260
3073163 2 2 27 READ 2147704064 2048 2192840
3073178 4 4 27 READ 2147704192 2048 2193300
3073172 2 2 27 READ 2147703040 2048 2193760
3074043 5 5 27 READ 2147712128 2048 2194260
3074455 10 10 27 READ 2147712256 2048 2194720
3075388 12 12 27 READ 2147712000 2048 2195820
3075397 12 12 27 READ 2147710976 2048 2196280
3083048 9 9 27 READ 2147720192 2048 2205110
3085066 3 3 27 READ 2147712512 2048 2207760
3085076 3 3 27 READ 2147711488 2048 2209340
3086327 10 10 29 READ 2147716864 2048 2209830
3086578 8 8 29 READ 2147716480 2048 2210290
3086584 8 8 29 READ 2147715456 2048 2211390
3086871 2 2 29 READ 2147715200 2048 2211850
3087690 1 1 29 READ 2147724416 2048 2212350
3088765 11 11 0 READ 2147738880 2048 2213050
3087124 14 14 29 READ 2147715968 2048 2213550
3088790 6 6 29 READ 2147724672 2048 2214050
3089251 7 7 29 READ 2147724288 2048 2214510
3089231 12 12 29 READ 2147716608 2048 2215090
3089236 12 12 29 READ 2147715584 2048 2215550
3089957 13 13 29 READ 2147724800 2048 2216050
3090690 5 5 29 READ 2147724032 2048 2216510
3092345 4 4 29 READ 2147724544 2048 2218410
3092498 11 11 23 READ 2147695744 2048 2218880
3093781 11 11 2 READ 2147742976 2048 2220710
3095479 9 9 29 READ 2147716736 2048 2223430
3097369 3 3 29 READ 2147725184 2048 2226650
3100736 13 13 31 READ 2147728896 2048 2232250
3100903 2 2 31 READ 2147720320 2048 2232830
3101087 5 5 31 READ 2147729152 2048 2233810
3101091 5 5 31 READ 2147728128 2048 2234270
3101633 8 8 31 READ 2147720576 2048 2234850
3101784 12 12 31 READ 2147720704 2048 2235310
3102543 7 7 31 READ 2147728384 2048 2235810
3102169 0 0 31 READ 2147720448 2048 2236390
3102179 0 0 31 READ 2147719424 2048 2236850
3103109 4 4 31 READ 2147728640 2048 2237350
3103882 6 6 31 READ 2147728768 2048 2238290
3103939 10 10 31 READ 2147720960 2048 2238870
3103888 6 6 31 READ 2147727744 2048 2239370
3104759 14 14 31 READ 2147721088 2048 2240430
3107011 11 11 25 READ 2147700608 2048 2244780
3107032 9 9 31 READ 2147720832 2048 2245350
3109647 3 3 31 READ 2147729280 2048 2250810
3111497 4 4 1 READ 2147733120 2048 2255130
3111976 12 12 1 READ 2147740800 2048 2256270
3112486 1 1 1 READ 2147732864 2048 2257490
3112196 8 8 1 READ 2147741312 2048 2257990
3113001 13 13 1 READ 2147741056 2048 2258930
3112955 6 6 1 READ 2147732736 2048 2259510
3113131 14 14 1 READ 2147733376 2048 2259970
3113002 13 13 1 READ 2147740032 2048 2260470
3113536 2 2 1 READ 2147740672 2048 2260930
3113521 10 10 1 READ 2147732608 2048 2261510
3113535 0 0 1 READ 2147732480 2048 2261970
3113715 5 5 1 READ 2147733248 2048 2263070
3113717 5 5 1 READ 2147732224 2048 2263530
3113975 7 7 1 READ 2147731968 2048 2263990
3116344 11 11 4 READ 2147739520 2048 2269930
3116915 11 11 27 READ 2147704704 2048 2272120
3117007 9 9 1 READ 2147741440 2048 2272610
3117448 3 3 1 READ 2147741184 2048 2274190
3118287 11 11 6 READ 2147743616 2048 2277390
3118843 4 4 3 READ 2147737216 2048 2279570
3119018 13 13 3 READ 2147745152 2048 2280550
3118849 4 4 3 READ 2147736192 2048 2281130
3118899 6 6 3 READ 2147736832 2048 2281590
3119119 14 14 3 READ 2147737472 2048 2282050
3119122 14 14 3 READ 2147736448 2048 2282670
3119253 1 1 3 READ 2147736960 2048 2283130
3119255 1 1 3 READ 2147735936 2048 2283590
3119496 5 5 3 READ 2147737344 2048 2284050
3119498 5 5 3 READ 2147736320 2048 2284510
3119703 7 7 3 READ 2147737088 2048 2284970
3119707 7 7 3 READ 2147736064 2048 2285430
3119864 10 10 3 READ 2147736704 2048 2285890
3119866 10 10 3 READ 2147735680 2048 2286350
3119939 0 0 3 READ 2147736576 2048 2286810
3119941 0 0 3 READ 2147735552 2048 2287270
3119445 2 2 3 READ 2147744768 2048 2287770
3119595 12 12 3 READ 2147744896 2048 2288230
3119646 8 8 3 READ 2147745408 2048 2289330
3120702 3 3 3 READ 2147745280 2048 2294430
3120706 11 11 29 READ 2147724928 2048 2294950
3120855 9 9 3 READ 2147745536 2048 2296470
3122246 11 11 31 READ 2147729024 2048 2321170
3123287 11 11 1 READ 2147740928 2048 2343290
3124228 11 11 3 READ 2147745024 2048 2368890
3124747 11 11 5 READ 2147741568 2048 2389490
3125003 11 11 7 READ 2147745664 2048 2409490
