1 0 0 1 READ 4026531840 2048 160
146 4 4 1 READ 0 2048 3340
5193 3 3 3 READ 4026531968 2048 6680
6535 1 1 0 READ 2147483648 2048 12260
6949 5 5 0 READ 4026532608 2048 13840
7209 1 1 0 READ 4026532104 2048 17020
7548 0 0 1 READ 4026532744 2048 18600
8233 1 1 0 READ 2147581952 2048 20190
9250 1 1 0 READ 2147680256 2048 24960
9580 3 3 1 READ 4026533000 2048 25420
10614 1 1 3 READ 4026533120 2048 29240
11246 5 5 0 WRITE 2147778560 32 32750
11252 5 5 3 WRITE 2147778624 32 33180
11260 1 1 3 WRITE 2147778592 32 33610
11258 5 5 6 WRITE 2147778688 32 34040
11264 1 1 6 WRITE 2147778656 32 34470
11274 3 3 0 WRITE 2147778560 32 34900
11291 4 4 0 WRITE 2147778560 32 35330
11278 3 3 3 WRITE 2147778624 32 35760
11295 4 4 3 WRITE 2147778624 32 36190
11307 0 0 0 WRITE 2147778592 32 36620
11324 2 2 0 WRITE 2147778560 32 37050
11285 3 3 6 WRITE 2147778688 32 37480
11302 4 4 6 WRITE 2147778688 32 37910
11341 6 6 0 WRITE 2147778560 32 38340
11358 7 7 0 WRITE 2147778560 32 38770
11311 0 0 3 WRITE 2147778656 32 39200
11329 2 2 3 WRITE 2147778624 32 39630
11346 6 6 3 WRITE 2147778624 32 40060
11362 7 7 3 WRITE 2147778624 32 40490
11375 8 8 0 WRITE 2147778560 32 40920
11390 9 9 0 WRITE 2147778592 32 41350
11405 11 11 0 WRITE 2147778592 32 41780
11318 0 0 6 WRITE 2147778720 32 42210
11335 2 2 6 WRITE 2147778656 32 42640
11352 6 6 6 WRITE 2147778688 32 43070
11369 7 7 6 WRITE 2147778688 32 43500
11379 8 8 3 WRITE 2147778624 32 43930
11394 9 9 3 WRITE 2147778624 32 44360
11418 10 10 0 WRITE 2147778592 32 44790
11410 11 11 3 WRITE 2147778656 32 45220
11430 12 12 0 WRITE 2147778592 32 45650
11446 13 13 0 WRITE 2147778592 32 46080
11464 14 14 0 WRITE 2147778592 32 46510
11385 8 8 6 WRITE 2147778688 32 46940
11400 9 9 6 WRITE 2147778688 32 47370
11422 10 10 3 WRITE 2147778656 32 47800
11414 11 11 6 WRITE 2147778720 32 48230
11436 12 12 3 WRITE 2147778656 32 48660
11452 13 13 3 WRITE 2147778656 32 49090
11470 14 14 3 WRITE 2147778656 32 49520
11426 10 10 6 WRITE 2147778688 32 49950
11441 12 12 6 WRITE 2147778720 32 50380
11458 13 13 6 WRITE 2147778720 32 50810
11475 14 14 6 WRITE 2147778720 32 51240
12531 5 5 0 WRITE 2147778720 32 51670
12709 5 5 3 WRITE 2147778720 32 52100
12773 1 1 3 WRITE 2147778720 32 52530
13070 5 5 6 WRITE 2147778752 32 52960
13121 1 1 6 WRITE 2147778752 32 53390
13212 3 3 0 WRITE 2147778752 32 53820
13358 4 4 0 WRITE 2147778752 32 54250
13603 3 3 3 WRITE 2147778752 32 54680
13751 4 4 3 WRITE 2147778752 32 55110
13820 0 0 0 WRITE 2147778752 32 55540
13954 2 2 0 WRITE 2147778752 32 55970
14211 3 3 6 WRITE 2147778784 32 56400
14370 4 4 6 WRITE 2147778784 32 56830
14416 6 6 0 WRITE 2147778784 32 57260
14563 7 7 0 WRITE 2147778784 32 57690
14768 0 0 3 WRITE 2147778784 32 58120
14921 2 2 3 WRITE 2147778784 32 58550
15073 6 6 3 WRITE 2147778784 32 58980
15231 7 7 3 WRITE 2147778784 32 59410
15327 8 8 0 WRITE 2147778816 32 59840
15476 9 9 0 WRITE 2147778816 32 60270
15626 11 11 0 WRITE 2147778816 32 60700
15792 0 0 6 WRITE 2147778816 32 61130
15940 2 2 6 WRITE 2147778816 32 61560
16087 6 6 6 WRITE 2147778816 32 61990
16241 7 7 6 WRITE 2147778816 32 62420
16423 8 8 3 WRITE 2147778816 32 62850
16575 9 9 3 WRITE 2147778848 32 63280
16675 10 10 0 WRITE 2147778848 32 63710
16872 11 11 3 WRITE 2147778848 32 64140
16978 12 12 0 WRITE 2147778848 32 64570
17122 13 13 0 WRITE 2147778848 32 65000
17271 14 14 0 WRITE 2147778848 32 65430
17429 8 8 6 WRITE 2147778848 32 65860
17582 9 9 6 WRITE 2147778848 32 66290
17747 10 10 3 WRITE 2147778880 32 66720
17888 11 11 6 WRITE 2147778880 32 67150
18049 12 12 3 WRITE 2147778880 32 67580
18196 13 13 3 WRITE 2147778880 32 68010
18321 14 14 3 WRITE 2147778880 32 68440
18446 10 10 6 WRITE 2147778880 32 68870
18640 12 12 6 WRITE 2147778880 32 69300
18787 13 13 6 WRITE 2147778880 32 69730
18919 14 14 6 WRITE 2147778912 32 70160
19105 5 5 0 WRITE 2147778912 32 70590
19329 5 5 3 WRITE 2147778912 32 71020
19385 1 1 3 WRITE 2147778912 32 71450
19680 5 5 6 WRITE 2147778912 32 71880
19725 1 1 6 WRITE 2147778912 32 72310
19813 3 3 0 WRITE 2147778912 32 72740
19968 4 4 0 WRITE 2147778912 32 73170
20197 3 3 3 WRITE 2147778944 32 73600
20345 4 4 3 WRITE 2147778944 32 74030
20413 0 0 0 WRITE 2147778944 32 74460
20567 2 2 0 WRITE 2147778944 32 74890
20801 3 3 6 WRITE 2147778944 32 75320
20979 4 4 6 WRITE 2147778944 32 75750
21003 6 6 0 WRITE 2147778944 32 76180
21155 7 7 0 WRITE 2147778944 32 76610
21363 0 0 3 WRITE 2147778976 32 77040
21515 2 2 3 WRITE 2147778976 32 77470
21672 6 6 3 WRITE 2147778976 32 77900
21829 7 7 3 WRITE 2147778976 32 78330
21922 8 8 0 WRITE 2147778976 32 78760
22072 9 9 0 WRITE 2147778976 32 79190
22222 11 11 0 WRITE 2147778976 32 79620
22389 0 0 6 WRITE 2147778976 32 80050
22538 2 2 6 WRITE 2147779008 32 80480
22689 6 6 6 WRITE 2147779008 32 80910
22834 7 7 6 WRITE 2147779008 32 81340
23017 8 8 3 WRITE 2147779008 32 81770
23174 9 9 3 WRITE 2147779008 32 82200
23272 10 10 0 WRITE 2147779008 32 82630
23469 11 11 3 WRITE 2147779008 32 83060
23568 12 12 0 WRITE 2147779008 32 83490
23720 13 13 0 WRITE 2147779040 32 83920
23865 14 14 0 WRITE 2147779040 32 84350
24022 8 8 6 WRITE 2147779040 32 84780
24179 9 9 6 WRITE 2147779040 32 85210
24349 10 10 3 WRITE 2147779040 32 85640
24480 11 11 6 WRITE 2147779040 32 86070
24639 12 12 3 WRITE 2147779040 32 86500
24785 13 13 3 WRITE 2147779040 32 86930
24940 14 14 3 WRITE 2147779072 32 87360
25076 10 10 6 WRITE 2147779072 32 87790
25231 12 12 6 WRITE 2147779072 32 88220
25382 13 13 6 WRITE 2147779072 32 88650
25544 14 14 6 WRITE 2147779072 32 89080
25718 5 5 0 WRITE 2147779072 32 89510
25899 5 5 3 WRITE 2147779072 32 89940
25985 1 1 3 WRITE 2147779072 32 90370
26260 5 5 6 WRITE 2147779104 32 90800
26335 1 1 6 WRITE 2147779104 32 91230
26405 3 3 0 WRITE 2147779104 32 91660
26557 4 4 0 WRITE 2147779104 32 92090
26788 3 3 3 WRITE 2147779104 32 92520
26944 4 4 3 WRITE 2147779104 32 92950
27007 0 0 0 WRITE 2147779104 32 93380
27167 2 2 0 WRITE 2147779104 32 93810
27398 3 3 6 WRITE 2147779136 32 94240
27566 4 4 6 WRITE 2147779136 32 94670
27600 6 6 0 WRITE 2147779136 32 95100
27747 7 7 0 WRITE 2147779136 32 95530
27968 0 0 3 WRITE 2147779136 32 95960
28115 2 2 3 WRITE 2147779136 32 96390
28270 6 6 3 WRITE 2147779136 32 96820
28428 7 7 3 WRITE 2147779136 32 97250
28518 8 8 0 WRITE 2147779168 32 97680
28668 9 9 0 WRITE 2147779168 32 98110
28842 11 11 0 WRITE 2147779168 32 98540
28987 0 0 6 WRITE 2147779168 32 98970
29135 2 2 6 WRITE 2147779168 32 99400
29285 6 6 6 WRITE 2147779168 32 99830
29439 7 7 6 WRITE 2147779168 32 100260
29617 8 8 3 WRITE 2147779168 32 100690
29769 9 9 3 WRITE 2147779200 32 101120
29869 10 10 0 WRITE 2147779200 32 101550
30067 11 11 3 WRITE 2147779200 32 101980
30172 12 12 0 WRITE 2147779200 32 102410
30302 13 13 0 WRITE 2147779200 32 102840
30472 14 14 0 WRITE 2147779200 32 103270
30624 8 8 6 WRITE 2147779200 32 103700
30776 9 9 6 WRITE 2147779200 32 104130
30942 10 10 3 WRITE 2147779232 32 104560
31084 11 11 6 WRITE 2147779232 32 104990
31245 12 12 3 WRITE 2147779232 32 105420
31388 13 13 3 WRITE 2147779232 32 105850
31535 14 14 3 WRITE 2147779232 32 106280
31647 10 10 6 WRITE 2147779232 32 106710
31836 12 12 6 WRITE 2147779232 32 107140
31974 13 13 6 WRITE 2147779232 32 107570
32133 14 14 6 WRITE 2147779264 32 108000
32320 5 5 0 WRITE 2147779264 32 108430
32497 5 5 3 WRITE 2147779264 32 108860
32577 1 1 3 WRITE 2147779264 32 109290
32864 5 5 6 WRITE 2147779264 32 109720
32933 1 1 6 WRITE 2147779264 32 110150
33003 3 3 0 WRITE 2147779264 32 110580
33155 4 4 0 WRITE 2147779264 32 111010
33395 3 3 3 WRITE 2147779296 32 111440
33517 4 4 3 WRITE 2147779296 32 111870
33589 0 0 0 WRITE 2147779296 32 112300
33757 2 2 0 WRITE 2147779296 32 112730
34002 3 3 6 WRITE 2147779296 32 113160
34180 4 4 6 WRITE 2147779296 32 113590
34194 6 6 0 WRITE 2147779296 32 114020
34345 7 7 0 WRITE 2147779296 32 114450
34560 0 0 3 WRITE 2147779328 32 114880
34712 2 2 3 WRITE 2147779328 32 115310
34865 6 6 3 WRITE 2147779328 32 115740
35026 7 7 3 WRITE 2147779328 32 116170
35105 8 8 0 WRITE 2147779328 32 116600
35273 9 9 0 WRITE 2147779328 32 117030
35421 11 11 0 WRITE 2147779328 32 117460
35588 0 0 6 WRITE 2147779328 32 117890
35736 2 2 6 WRITE 2147779360 32 118320
35881 6 6 6 WRITE 2147779360 32 118750
36036 7 7 6 WRITE 2147779360 32 119180
36216 8 8 3 WRITE 2147779360 32 119610
36366 9 9 3 WRITE 2147779360 32 120040
36467 10 10 0 WRITE 2147779360 32 120470
36665 11 11 3 WRITE 2147779360 32 120900
36765 12 12 0 WRITE 2147779360 32 121330
36915 13 13 0 WRITE 2147779392 32 121760
37063 14 14 0 WRITE 2147779392 32 122190
37219 8 8 6 WRITE 2147779392 32 122620
37373 9 9 6 WRITE 2147779392 32 123050
37531 10 10 3 WRITE 2147779392 32 123480
37678 11 11 6 WRITE 2147779392 32 123910
37836 12 12 3 WRITE 2147779392 32 124340
37985 13 13 3 WRITE 2147779392 32 124770
38133 14 14 3 WRITE 2147779424 32 125200
38263 10 10 6 WRITE 2147779424 32 125630
38426 12 12 6 WRITE 2147779424 32 126060
38577 13 13 6 WRITE 2147779424 32 126490
38734 14 14 6 WRITE 2147779424 32 126920
38919 5 5 0 WRITE 2147779424 32 127350
39097 5 5 3 WRITE 2147779424 32 127780
39146 1 1 3 WRITE 2147779424 32 128210
39456 5 5 6 WRITE 2147779456 32 128640
39504 1 1 6 WRITE 2147779456 32 129070
39601 3 3 0 WRITE 2147779456 32 129500
39748 4 4 0 WRITE 2147779456 32 129930
39991 3 3 3 WRITE 2147779456 32 130360
40140 4 4 3 WRITE 2147779456 32 130790
40209 0 0 0 WRITE 2147779456 32 131220
40342 2 2 0 WRITE 2147779456 32 131650
40598 3 3 6 WRITE 2147779488 32 132080
40761 4 4 6 WRITE 2147779488 32 132510
40805 6 6 0 WRITE 2147779488 32 132940
40953 7 7 0 WRITE 2147779488 32 133370
41158 0 0 3 WRITE 2147779488 32 133800
41311 2 2 3 WRITE 2147779488 32 134230
41463 6 6 3 WRITE 2147779488 32 134660
41622 7 7 3 WRITE 2147779488 32 135090
41716 8 8 0 WRITE 2147779520 32 135520
41866 9 9 0 WRITE 2147779520 32 135950
42016 11 11 0 WRITE 2147779520 32 136380
42183 0 0 6 WRITE 2147779520 32 136810
42331 2 2 6 WRITE 2147779520 32 137240
42477 6 6 6 WRITE 2147779520 32 137670
42615 7 7 6 WRITE 2147779520 32 138100
42743 8 8 3 WRITE 2147779520 32 138530
42833 9 9 3 WRITE 2147779552 32 138960
42881 10 10 0 WRITE 2147779552 32 139390
42937 11 11 3 WRITE 2147779552 32 139820
42999 12 12 0 WRITE 2147779552 32 140250
43046 13 13 0 WRITE 2147779552 32 140680
43083 14 14 0 WRITE 2147779552 32 141110
43107 8 8 6 WRITE 2147779552 32 141540
43121 9 9 6 WRITE 2147779552 32 141970
45313 1 1 0 WRITE 2147778560 32 354240
