1 0 0 1 READ 4026531840 1024 170
1372 4 4 1 READ 0 1024 4290
229447 3 3 0 READ 1024 1024 167120
517582 1 1 0 READ 2048 1024 372190
805197 9 9 0 READ 3072 1024 576620
915836 0 0 0 READ 4026532352 1024 655610
920311 8 8 0 READ 2147485568 1024 658920
920326 8 8 0 READ 2147484544 1024 659510
920408 8 8 8 READ 2147518080 1024 660110
920426 8 8 8 READ 2147517056 1024 660870
920346 8 8 2 READ 2147489664 1024 661470
920364 8 8 2 READ 2147488640 1024 662060
920444 8 8 10 READ 2147522176 1024 662660
920458 8 8 10 READ 2147521152 1024 663330
920417 0 0 0 READ 2147493632 1024 663930
920434 0 0 0 READ 2147492608 1024 664520
920569 0 0 8 READ 2147526144 1024 665120
920583 0 0 8 READ 2147525120 1024 665790
920491 0 0 2 READ 2147497728 1024 666390
920511 0 0 2 READ 2147496704 1024 666980
920601 0 0 10 READ 2147530240 1024 667580
920618 0 0 10 READ 2147529216 1024 668250
920377 8 8 4 READ 2147501824 1024 668850
920394 8 8 4 READ 2147500800 1024 669440
920481 8 8 12 READ 2147534336 1024 670040
920503 8 8 12 READ 2147533312 1024 670710
920557 8 8 6 READ 2147505920 1024 671310
920575 8 8 6 READ 2147504896 1024 671900
920450 0 0 4 READ 2147509888 1024 672510
920468 0 0 4 READ 2147508864 1024 673100
920636 0 0 12 READ 2147542400 1024 673700
920655 0 0 12 READ 2147541376 1024 674370
920530 0 0 6 READ 2147513984 1024 674970
920549 0 0 6 READ 2147512960 1024 675560
922852 7 7 1 READ 2147487488 1024 676170
922865 7 7 1 READ 2147486464 1024 676760
930979 9 9 1 READ 2147494912 1024 677390
930999 9 9 1 READ 2147493888 1024 677980
946153 12 12 14 READ 2147546112 1024 678680
946172 12 12 14 READ 2147545088 1024 679270
951715 11 11 14 READ 2147538816 1024 680300
951734 11 11 14 READ 2147537792 1024 680890
964708 8 8 3 READ 2147491712 1024 689230
964721 8 8 3 READ 2147490688 1024 689820
968031 0 0 3 READ 2147499776 1024 691570
968045 0 0 3 READ 2147498752 1024 692160
999698 14 14 16 READ 2147558528 1024 713210
999713 14 14 16 READ 2147557504 1024 713800
1008469 3 3 5 READ 2147503232 1024 719390
1008486 3 3 5 READ 2147502208 1024 719980
1009602 8 8 16 READ 2147550592 1024 720650
1009616 8 8 16 READ 2147549568 1024 721240
1020260 0 0 5 READ 2147511936 1024 727710
1020273 0 0 5 READ 2147510912 1024 728300
1059916 7 7 18 READ 2147554560 1024 755830
1059930 7 7 18 READ 2147553536 1024 756420
1060841 14 14 18 READ 2147562624 1024 757050
1060858 14 14 18 READ 2147561600 1024 757640
1067501 7 7 7 READ 2147507840 1024 761310
1067515 7 7 7 READ 2147506816 1024 761900
1082240 10 10 7 READ 2147515392 1024 771490
1082253 10 10 7 READ 2147514368 1024 772080
1127581 10 10 20 READ 2147567104 1024 802850
1127598 10 10 20 READ 2147566080 1024 803440
1134973 14 14 20 READ 2147574784 1024 808230
1134985 14 14 20 READ 2147573760 1024 808820
1153225 3 3 9 READ 2147519488 1024 821140
1153239 3 3 9 READ 2147518464 1024 821730
1160576 11 11 9 READ 2147527680 1024 826360
1160591 11 11 9 READ 2147526656 1024 826950
1204792 10 10 22 READ 2147571200 1024 857670
1204807 10 10 22 READ 2147570176 1024 858260
1216073 14 14 22 READ 2147578880 1024 865610
1216087 14 14 22 READ 2147577856 1024 866200
1225142 6 6 11 READ 2147523968 1024 872120
1225155 6 6 11 READ 2147522944 1024 872710
1240111 13 13 11 READ 2147532032 1024 882460
1240128 13 13 11 READ 2147531008 1024 883050
1266898 12 12 24 READ 2147583616 1024 900700
1266915 12 12 24 READ 2147582592 1024 901290
1279825 14 14 13 READ 2147544320 1024 909840
1279836 14 14 13 READ 2147543296 1024 910430
1281884 8 8 13 READ 2147536384 1024 911300
1281902 8 8 13 READ 2147535360 1024 911890
1292704 0 0 24 READ 2147591168 1024 919000
1292716 0 0 24 READ 2147590144 1024 919590
1297939 11 11 15 READ 2147540864 1024 922640
1297953 11 11 15 READ 2147539840 1024 923230
1311524 14 14 15 READ 2147548416 1024 932180
1311539 14 14 15 READ 2147547392 1024 932770
1338841 12 12 17 READ 2147553152 1024 950810
1338855 12 12 17 READ 2147552128 1024 951400
1349167 14 14 17 READ 2147560576 1024 958110
1349185 14 14 17 READ 2147559552 1024 958700
1381283 0 0 26 READ 2147595264 1024 980920
1381298 0 0 26 READ 2147594240 1024 981510
1389147 12 12 26 READ 2147587712 1024 986380
1389163 12 12 26 READ 2147586688 1024 986970
1414164 0 0 19 READ 2147564800 1024 1004070
1414175 0 0 19 READ 2147563776 1024 1004660
1417497 7 7 19 READ 2147556608 1024 1006490
1417516 7 7 19 READ 2147555584 1024 1007080
1540850 12 12 28 READ 2147599872 1024 1093180
1540868 12 12 28 READ 2147598848 1024 1093770
1554454 9 9 21 READ 2147569024 1024 1102830
1554471 9 9 21 READ 2147568000 1024 1103420
1562163 0 0 21 READ 2147576960 1024 1108210
1562176 0 0 21 READ 2147575936 1024 1108800
1679530 12 12 30 READ 2147603968 1024 1191620
1679541 12 12 30 READ 2147602944 1024 1192210
1727266 14 14 23 READ 2147580928 1024 1225150
1727275 14 14 23 READ 2147579904 1024 1225740
1727481 9 9 23 READ 2147573120 1024 1226450
1727499 9 9 23 READ 2147572096 1024 1227040
1817968 8 8 0 READ 2147607552 1024 1288940
1817981 8 8 0 READ 2147606528 1024 1289530
1826735 12 12 0 READ 2147615872 1024 1295270
1826748 12 12 0 READ 2147614848 1024 1295860
1831821 7 7 2 READ 2147612288 1024 1298840
1831835 7 7 2 READ 2147611264 1024 1299430
1834482 6 6 2 READ 2147619840 1024 1300690
1834495 6 6 2 READ 2147618816 1024 1301280
1851628 10 10 25 READ 2147585408 1024 1312740
1851640 10 10 25 READ 2147584384 1024 1313330
1869434 0 0 25 READ 2147593216 1024 1325320
1869447 0 0 25 READ 2147592192 1024 1325910
1935420 10 10 4 READ 2147624064 1024 1372090
1935431 10 10 4 READ 2147623040 1024 1372680
1950488 10 10 27 READ 2147589504 1024 1382860
1950509 10 10 27 READ 2147588480 1024 1383450
1952661 0 0 27 READ 2147597312 1024 1384400
1952672 0 0 27 READ 2147596288 1024 1384990
1957707 10 10 6 READ 2147628160 1024 1387970
1957720 10 10 6 READ 2147627136 1024 1388560
1958121 0 0 4 READ 2147632128 1024 1389170
1958141 0 0 4 READ 2147631104 1024 1389760
1975687 0 0 6 READ 2147636224 1024 1400450
1975697 0 0 6 READ 2147635200 1024 1401040
2044763 0 0 29 READ 2147602304 1024 1448820
2044778 0 0 29 READ 2147601280 1024 1449410
2108773 14 14 8 READ 2147640448 1024 1494190
2108785 14 14 8 READ 2147639424 1024 1494780
2113063 2 2 8 READ 2147648512 1024 1497180
2113077 2 2 8 READ 2147647488 1024 1497770
2118534 12 12 31 READ 2147606016 1024 1501020
2118550 12 12 31 READ 2147604992 1024 1501610
2124527 13 13 10 READ 2147644416 1024 1505270
2124539 13 13 10 READ 2147643392 1024 1505860
2131903 2 2 10 READ 2147652608 1024 1510500
2131916 2 2 10 READ 2147651584 1024 1511090
2206495 5 5 12 READ 2147656704 1024 1562580
2206511 5 5 12 READ 2147655680 1024 1563170
2210765 2 2 12 READ 2147665152 1024 1565560
2210782 2 2 12 READ 2147664128 1024 1566150
2219675 2 2 1 READ 2147618432 1024 1571930
2219689 2 2 1 READ 2147617408 1024 1572520
2232385 11 11 1 READ 2147610112 1024 1580920
2232399 11 11 1 READ 2147609088 1024 1581510
2237108 13 13 14 READ 2147661312 1024 1584120
2237119 13 13 14 READ 2147660288 1024 1584710
2241236 2 2 14 READ 2147669248 1024 1587100
2241255 2 2 14 READ 2147668224 1024 1587690
2300195 8 8 3 READ 2147613696 1024 1628800
2300215 8 8 3 READ 2147612672 1024 1629390
2313789 1 1 3 READ 2147622144 1024 1638330
2313804 1 1 3 READ 2147621120 1024 1638920
2358753 9 9 16 READ 2147673088 1024 1669540
2358772 9 9 16 READ 2147672064 1024 1670130
2374411 12 12 16 READ 2147681280 1024 1680510
2374425 12 12 16 READ 2147680256 1024 1681100
2388530 12 12 5 READ 2147634816 1024 1690570
2388545 12 12 5 READ 2147633792 1024 1691160
2389265 10 10 5 READ 2147626112 1024 1691870
2389278 10 10 5 READ 2147625088 1024 1692460
2390719 5 5 18 READ 2147677696 1024 1693160
2390733 5 5 18 READ 2147676672 1024 1693750
2409819 14 14 18 READ 2147685504 1024 1705570
2409831 14 14 18 READ 2147684480 1024 1706160
2461130 12 12 7 READ 2147638912 1024 1741870
2461145 12 12 7 READ 2147637888 1024 1742460
2478496 13 13 7 READ 2147630720 1024 1754210
2478516 13 13 7 READ 2147629696 1024 1754800
2569895 14 14 9 READ 2147642496 1024 1819130
2569909 14 14 9 READ 2147641472 1024 1819720
2575887 7 7 9 READ 2147650816 1024 1823400
2575902 7 7 9 READ 2147649792 1024 1823990
2611497 9 9 20 READ 2147689472 1024 1848450
2611513 9 9 20 READ 2147688448 1024 1849040
2629166 7 7 20 READ 2147697664 1024 1861030
2629173 7 7 20 READ 2147696640 1024 1861620
2638936 11 11 22 READ 2147693696 1024 1867950
2638956 11 11 22 READ 2147692672 1024 1868540
2653523 7 7 22 READ 2147701760 1024 1878290
2653535 7 7 22 READ 2147700736 1024 1878880
2663590 7 7 11 READ 2147654912 1024 1885320
2663602 7 7 11 READ 2147653888 1024 1885910
2671142 9 9 11 READ 2147647360 1024 1890770
2671158 9 9 11 READ 2147646336 1024 1891360
2758320 0 0 13 READ 2147659648 1024 1952660
2758340 0 0 13 READ 2147658624 1024 1953250
2771326 3 3 13 READ 2147666944 1024 1961880
2771339 3 3 13 READ 2147665920 1024 1962470
2821437 8 8 24 READ 2147706368 1024 1997330
2821447 8 8 24 READ 2147705344 1024 1997920
2828141 13 13 24 READ 2147714048 1024 2002240
2828158 13 13 24 READ 2147713024 1024 2002830
2830084 2 2 26 READ 2147710208 1024 2003550
2830096 2 2 26 READ 2147709184 1024 2004140
2838723 13 13 26 READ 2147718144 1024 2009580
2838739 13 13 26 READ 2147717120 1024 2010170
2839489 9 9 15 READ 2147663616 1024 2010800
2839502 9 9 15 READ 2147662592 1024 2011390
2839863 3 3 15 READ 2147671040 1024 2012020
2839877 3 3 15 READ 2147670016 1024 2012610
2896347 4 4 17 READ 2147675264 1024 2050500
2896363 4 4 17 READ 2147674240 1024 2051090
2898163 14 14 17 READ 2147683456 1024 2051710
2898177 14 14 17 READ 2147682432 1024 2052300
2941059 13 13 28 READ 2147722240 1024 2082220
2941071 13 13 28 READ 2147721216 1024 2082810
2944323 5 5 30 READ 2147726592 1024 2084540
2944339 5 5 30 READ 2147725568 1024 2085130
2944534 3 3 19 READ 2147679488 1024 2085800
2944549 3 3 19 READ 2147678464 1024 2086390
2947345 14 14 19 READ 2147687552 1024 2087010
2947357 14 14 19 READ 2147686528 1024 2087600
2985689 0 0 21 READ 2147691904 1024 2114930
2985703 0 0 21 READ 2147690880 1024 2115520
2987586 7 7 21 READ 2147699712 1024 2116470
2987598 7 7 21 READ 2147698688 1024 2117060
3017749 10 10 23 READ 2147695872 1024 2139710
3017763 10 10 23 READ 2147694848 1024 2140300
3022816 7 7 23 READ 2147703808 1024 2143650
3022830 7 7 23 READ 2147702784 1024 2144240
3023132 8 8 0 READ 2147730432 1024 2144980
3023150 8 8 0 READ 2147729408 1024 2145570
3025138 1 1 2 READ 2147734784 1024 2146180
3025150 1 1 2 READ 2147733760 1024 2146770
3026373 5 5 0 READ 2147738624 1024 2147380
3026389 5 5 0 READ 2147737600 1024 2147970
3029204 5 5 2 READ 2147742720 1024 2148900
3029217 5 5 2 READ 2147741696 1024 2149490
3043401 14 14 25 READ 2147707904 1024 2163170
3043411 14 14 25 READ 2147706880 1024 2163760
3048153 13 13 25 READ 2147716096 1024 2168240
3048159 13 13 25 READ 2147715072 1024 2168830
3063175 9 9 27 READ 2147712128 1024 2185550
3063183 9 9 27 READ 2147711104 1024 2186140
3064960 13 13 27 READ 2147720192 1024 2187740
3064970 13 13 27 READ 2147719168 1024 2188330
3079241 9 9 29 READ 2147724928 1024 2206700
3079246 9 9 29 READ 2147723904 1024 2207290
3092203 9 9 31 READ 2147729024 1024 2227740
3092216 9 9 31 READ 2147728000 1024 2228330
3103702 3 3 1 READ 2147741312 1024 2252820
3103704 3 3 1 READ 2147740288 1024 2253410
3104101 11 11 1 READ 2147733120 1024 2254120
3104107 11 11 1 READ 2147732096 1024 2254710
3109696 0 0 3 READ 2147745280 1024 2274560
3109699 0 0 3 READ 2147744256 1024 2275150
3109772 6 6 3 READ 2147737472 1024 2275860
3109774 6 6 3 READ 2147736448 1024 2276450
