1 0 0 1 READ 4026531840 256 170
143 4 4 1 READ 0 256 3370
6290 1 1 2 READ 4026532592 256 9440
6569 1 1 0 READ 2147483648 256 12310
6981 5 5 0 READ 4026532608 256 12780
7241 1 1 0 READ 4026532104 256 15970
8546 4 4 1 READ 4026532872 256 19480
8471 1 1 0 READ 2147581952 256 19960
9618 1 1 0 READ 2147680256 256 23140
10627 1 1 3 READ 4026533120 256 26170
11251 5 5 0 WRITE 2147778560 256 29370
11256 5 5 3 WRITE 2147778624 256 29800
11265 1 1 3 WRITE 2147778592 256 30230
11262 5 5 6 WRITE 2147778688 256 30660
11269 1 1 6 WRITE 2147778656 256 31090
11279 3 3 0 WRITE 2147778560 256 31520
11295 4 4 0 WRITE 2147778560 256 31950
11283 3 3 3 WRITE 2147778624 256 32380
11302 4 4 3 WRITE 2147778624 256 32810
11312 0 0 0 WRITE 2147778592 256 33240
11289 3 3 6 WRITE 2147778688 256 33670
11308 4 4 6 WRITE 2147778688 256 34100
11329 6 6 0 WRITE 2147778560 256 34530
11316 0 0 3 WRITE 2147778656 256 34960
11346 2 2 0 WRITE 2147778560 256 35390
11334 6 6 3 WRITE 2147778624 256 35820
11363 7 7 0 WRITE 2147778560 256 36250
11380 8 8 0 WRITE 2147778560 256 36680
11395 9 9 0 WRITE 2147778592 256 37110
11323 0 0 6 WRITE 2147778720 256 37540
11350 2 2 3 WRITE 2147778624 256 37970
11341 6 6 6 WRITE 2147778688 256 38400
11367 7 7 3 WRITE 2147778624 256 38830
11384 8 8 3 WRITE 2147778624 256 39260
11399 9 9 3 WRITE 2147778624 256 39690
11411 10 10 0 WRITE 2147778592 256 40120
11424 11 11 0 WRITE 2147778592 256 40550
11442 12 12 0 WRITE 2147778592 256 40980
11480 13 13 0 WRITE 2147778592 256 41410
11461 14 14 0 WRITE 2147778592 256 41840
11357 2 2 6 WRITE 2147778656 256 42270
11374 7 7 6 WRITE 2147778688 256 42700
11390 8 8 6 WRITE 2147778688 256 43130
11405 9 9 6 WRITE 2147778688 256 43560
11415 10 10 3 WRITE 2147778656 256 43990
11430 11 11 3 WRITE 2147778656 256 44420
11449 12 12 3 WRITE 2147778656 256 44850
11485 13 13 3 WRITE 2147778656 256 45280
11468 14 14 3 WRITE 2147778656 256 45710
11419 10 10 6 WRITE 2147778688 256 46140
11435 11 11 6 WRITE 2147778720 256 46570
11455 12 12 6 WRITE 2147778720 256 47000
11490 13 13 6 WRITE 2147778720 256 47430
11475 14 14 6 WRITE 2147778720 256 47860
12479 5 5 0 WRITE 2147778720 256 48290
12682 5 5 3 WRITE 2147778720 256 48720
12707 1 1 3 WRITE 2147778720 256 49150
13046 5 5 6 WRITE 2147778752 256 49580
13084 1 1 6 WRITE 2147778752 256 50010
13180 3 3 0 WRITE 2147778752 256 50440
13321 4 4 0 WRITE 2147778752 256 50870
13551 3 3 3 WRITE 2147778752 256 51300
13700 4 4 3 WRITE 2147778752 256 51730
13738 0 0 0 WRITE 2147778752 256 52160
14049 3 3 6 WRITE 2147778752 256 52590
14194 4 4 6 WRITE 2147778784 256 53020
14205 6 6 0 WRITE 2147778784 256 53450
14405 0 0 3 WRITE 2147778784 256 53880
14506 2 2 0 WRITE 2147778784 256 54310
14720 6 6 3 WRITE 2147778784 256 54740
14799 7 7 0 WRITE 2147778784 256 55170
14953 8 8 0 WRITE 2147778784 256 55600
15100 9 9 0 WRITE 2147778784 256 56030
15266 0 0 6 WRITE 2147778816 256 56460
15425 2 2 3 WRITE 2147778816 256 56890
15585 6 6 6 WRITE 2147778816 256 57320
15767 7 7 3 WRITE 2147778816 256 57750
15912 8 8 3 WRITE 2147778816 256 58180
16057 9 9 3 WRITE 2147778816 256 58610
16136 10 10 0 WRITE 2147778816 256 59040
16279 11 11 0 WRITE 2147778816 256 59470
16424 12 12 0 WRITE 2147778848 256 59900
16570 13 13 0 WRITE 2147778848 256 60330
16720 14 14 0 WRITE 2147778848 256 60760
16842 2 2 6 WRITE 2147778848 256 61190
17001 7 7 6 WRITE 2147778848 256 61620
17145 8 8 6 WRITE 2147778848 256 62050
17291 9 9 6 WRITE 2147778848 256 62480
17449 10 10 3 WRITE 2147778848 256 62910
17594 11 11 3 WRITE 2147778880 256 63340
17745 12 12 3 WRITE 2147778880 256 63770
17884 13 13 3 WRITE 2147778880 256 64200
18030 14 14 3 WRITE 2147778880 256 64630
18161 10 10 6 WRITE 2147778880 256 65060
18310 11 11 6 WRITE 2147778880 256 65490
18449 12 12 6 WRITE 2147778880 256 65920
18595 13 13 6 WRITE 2147778880 256 66350
18744 14 14 6 WRITE 2147778912 256 66780
18937 5 5 0 WRITE 2147778912 256 67210
19112 5 5 3 WRITE 2147778912 256 67640
19152 1 1 3 WRITE 2147778912 256 68070
19464 5 5 6 WRITE 2147778912 256 68500
19471 1 1 6 WRITE 2147778912 256 68930
19596 3 3 0 WRITE 2147778912 256 69360
19749 4 4 0 WRITE 2147778912 256 69790
19964 3 3 3 WRITE 2147778944 256 70220
20127 4 4 3 WRITE 2147778944 256 70650
20164 0 0 0 WRITE 2147778944 256 71080
20469 3 3 6 WRITE 2147778944 256 71510
20623 4 4 6 WRITE 2147778944 256 71940
20626 6 6 0 WRITE 2147778944 256 72370
20830 0 0 3 WRITE 2147778944 256 72800
20927 2 2 0 WRITE 2147778944 256 73230
21142 6 6 3 WRITE 2147778976 256 73660
21228 7 7 0 WRITE 2147778976 256 74090
21371 8 8 0 WRITE 2147778976 256 74520
21525 9 9 0 WRITE 2147778976 256 74950
21692 0 0 6 WRITE 2147778976 256 75380
21849 2 2 3 WRITE 2147778976 256 75810
22005 6 6 6 WRITE 2147778976 256 76240
22191 7 7 3 WRITE 2147778976 256 76670
22336 8 8 3 WRITE 2147779008 256 77100
22481 9 9 3 WRITE 2147779008 256 77530
22562 10 10 0 WRITE 2147779008 256 77960
22701 11 11 0 WRITE 2147779008 256 78390
22848 12 12 0 WRITE 2147779008 256 78820
22994 13 13 0 WRITE 2147779008 256 79250
23144 14 14 0 WRITE 2147779008 256 79680
23267 2 2 6 WRITE 2147779008 256 80110
23425 7 7 6 WRITE 2147779040 256 80540
23569 8 8 6 WRITE 2147779040 256 80970
23715 9 9 6 WRITE 2147779040 256 81400
23873 10 10 3 WRITE 2147779040 256 81830
24018 11 11 3 WRITE 2147779040 256 82260
24169 12 12 3 WRITE 2147779040 256 82690
24308 13 13 3 WRITE 2147779040 256 83120
24454 14 14 3 WRITE 2147779040 256 83550
24585 10 10 6 WRITE 2147779072 256 83980
24734 11 11 6 WRITE 2147779072 256 84410
24873 12 12 6 WRITE 2147779072 256 84840
25019 13 13 6 WRITE 2147779072 256 85270
25168 14 14 6 WRITE 2147779072 256 85700
25361 5 5 0 WRITE 2147779072 256 86130
25536 5 5 3 WRITE 2147779072 256 86560
25575 1 1 3 WRITE 2147779072 256 86990
25886 5 5 6 WRITE 2147779104 256 87420
25892 1 1 6 WRITE 2147779104 256 87850
26027 3 3 0 WRITE 2147779104 256 88280
26176 4 4 0 WRITE 2147779104 256 88710
26383 3 3 3 WRITE 2147779104 256 89140
26545 4 4 3 WRITE 2147779104 256 89570
26587 0 0 0 WRITE 2147779104 256 90000
26898 3 3 6 WRITE 2147779104 256 90430
27049 4 4 6 WRITE 2147779136 256 90860
27057 6 6 0 WRITE 2147779136 256 91290
27251 0 0 3 WRITE 2147779136 256 91720
27338 2 2 0 WRITE 2147779136 256 92150
27564 6 6 3 WRITE 2147779136 256 92580
27655 7 7 0 WRITE 2147779136 256 93010
27801 8 8 0 WRITE 2147779136 256 93440
27945 9 9 0 WRITE 2147779136 256 93870
28113 0 0 6 WRITE 2147779168 256 94300
28274 2 2 3 WRITE 2147779168 256 94730
28454 6 6 6 WRITE 2147779168 256 95160
28541 7 7 3 WRITE 2147779168 256 95590
28757 8 8 3 WRITE 2147779168 256 96020
28907 9 9 3 WRITE 2147779168 256 96450
28984 10 10 0 WRITE 2147779168 256 96880
29132 11 11 0 WRITE 2147779168 256 97310
29271 12 12 0 WRITE 2147779200 256 97740
29419 13 13 0 WRITE 2147779200 256 98170
29569 14 14 0 WRITE 2147779200 256 98600
29692 2 2 6 WRITE 2147779200 256 99030
29837 7 7 6 WRITE 2147779200 256 99460
29990 8 8 6 WRITE 2147779200 256 99890
30139 9 9 6 WRITE 2147779200 256 100320
30297 10 10 3 WRITE 2147779200 256 100750
30442 11 11 3 WRITE 2147779232 256 101180
30593 12 12 3 WRITE 2147779232 256 101610
30732 13 13 3 WRITE 2147779232 256 102040
30878 14 14 3 WRITE 2147779232 256 102470
31009 10 10 6 WRITE 2147779232 256 102900
31158 11 11 6 WRITE 2147779232 256 103330
31297 12 12 6 WRITE 2147779232 256 103760
31443 13 13 6 WRITE 2147779232 256 104190
31592 14 14 6 WRITE 2147779264 256 104620
31785 5 5 0 WRITE 2147779264 256 105050
31960 5 5 3 WRITE 2147779264 256 105480
31998 1 1 3 WRITE 2147779264 256 105910
32311 5 5 6 WRITE 2147779264 256 106340
32317 1 1 6 WRITE 2147779264 256 106770
32452 3 3 0 WRITE 2147779264 256 107200
32599 4 4 0 WRITE 2147779264 256 107630
32807 3 3 3 WRITE 2147779296 256 108060
32967 4 4 3 WRITE 2147779296 256 108490
33009 0 0 0 WRITE 2147779296 256 108920
33314 3 3 6 WRITE 2147779296 256 109350
33472 4 4 6 WRITE 2147779296 256 109780
33477 6 6 0 WRITE 2147779296 256 110210
33678 0 0 3 WRITE 2147779296 256 110640
33777 2 2 0 WRITE 2147779296 256 111070
33992 6 6 3 WRITE 2147779328 256 111500
34075 7 7 0 WRITE 2147779328 256 111930
34223 8 8 0 WRITE 2147779328 256 112360
34355 9 9 0 WRITE 2147779328 256 112790
34538 0 0 6 WRITE 2147779328 256 113220
34698 2 2 3 WRITE 2147779328 256 113650
34857 6 6 6 WRITE 2147779328 256 114080
35039 7 7 3 WRITE 2147779328 256 114510
35184 8 8 3 WRITE 2147779360 256 114940
35328 9 9 3 WRITE 2147779360 256 115370
35408 10 10 0 WRITE 2147779360 256 115800
35551 11 11 0 WRITE 2147779360 256 116230
35696 12 12 0 WRITE 2147779360 256 116660
35842 13 13 0 WRITE 2147779360 256 117090
35993 14 14 0 WRITE 2147779360 256 117520
36114 2 2 6 WRITE 2147779360 256 117950
36273 7 7 6 WRITE 2147779392 256 118380
36418 8 8 6 WRITE 2147779392 256 118810
36560 9 9 6 WRITE 2147779392 256 119240
36721 10 10 3 WRITE 2147779392 256 119670
36867 11 11 3 WRITE 2147779392 256 120100
37017 12 12 3 WRITE 2147779392 256 120530
37161 13 13 3 WRITE 2147779392 256 120960
37304 14 14 3 WRITE 2147779392 256 121390
37437 10 10 6 WRITE 2147779424 256 121820
37587 11 11 6 WRITE 2147779424 256 122250
37725 12 12 6 WRITE 2147779424 256 122680
37874 13 13 6 WRITE 2147779424 256 123110
38020 14 14 6 WRITE 2147779424 256 123540
38172 5 5 0 WRITE 2147779424 256 123970
38381 5 5 3 WRITE 2147779424 256 124400
38419 1 1 3 WRITE 2147779424 256 124830
38745 5 5 6 WRITE 2147779456 256 125260
38741 1 1 6 WRITE 2147779456 256 125690
38876 3 3 0 WRITE 2147779456 256 126120
39017 4 4 0 WRITE 2147779456 256 126550
39247 3 3 3 WRITE 2147779456 256 126980
39396 4 4 3 WRITE 2147779456 256 127410
39434 0 0 0 WRITE 2147779456 256 127840
39745 3 3 6 WRITE 2147779456 256 128270
39890 4 4 6 WRITE 2147779488 256 128700
39901 6 6 0 WRITE 2147779488 256 129130
40101 0 0 3 WRITE 2147779488 256 129560
40202 2 2 0 WRITE 2147779488 256 129990
40416 6 6 3 WRITE 2147779488 256 130420
40495 7 7 0 WRITE 2147779488 256 130850
40649 8 8 0 WRITE 2147779488 256 131280
40796 9 9 0 WRITE 2147779488 256 131710
40962 0 0 6 WRITE 2147779520 256 132140
41121 2 2 3 WRITE 2147779520 256 132570
41281 6 6 6 WRITE 2147779520 256 133000
41463 7 7 3 WRITE 2147779520 256 133430
41608 8 8 3 WRITE 2147779520 256 133860
41753 9 9 3 WRITE 2147779520 256 134290
41819 10 10 0 WRITE 2147779520 256 134720
41909 11 11 0 WRITE 2147779520 256 135150
41990 12 12 0 WRITE 2147779552 256 135580
42061 13 13 0 WRITE 2147779552 256 136010
42125 14 14 0 WRITE 2147779552 256 136440
42178 2 2 6 WRITE 2147779552 256 136870
42224 7 7 6 WRITE 2147779552 256 137300
42257 8 8 6 WRITE 2147779552 256 137730
42278 9 9 6 WRITE 2147779552 256 138160
42283 10 10 3 WRITE 2147779552 256 138590
11911 1 1 0 READ 4026532360 256 139170
45329 1 1 0 WRITE 2147778560 256 460290
