1 0 0 1 READ 4026531840 1024 170
4657 4 4 34 READ 0 1024 3490
17672 3 3 0 READ 2147685888 1024 9860
17749 3 3 4 READ 2147686400 1024 10450
17876 1 1 4 READ 2147684352 1024 11040
18054 3 3 20 READ 2147717120 1024 11730
18340 4 4 20 READ 2147718144 1024 12340
18452 7 7 0 READ 2147689984 1024 13020
18079 5 5 4 READ 2147688448 1024 13610
18619 8 8 0 READ 2147691008 1024 14200
18672 9 9 0 READ 2147692032 1024 14880
19032 8 8 16 READ 2147721728 1024 15480
19432 10 10 16 READ 2147723776 1024 16170
19138 8 8 20 READ 2147722240 1024 16860
19606 11 11 16 READ 2147724800 1024 17450
17970 0 0 34 READ 2147759872 1024 18230
18008 0 0 36 READ 2147760128 1024 18820
18982 10 10 0 READ 2147693056 1024 19410
19114 11 11 0 READ 2147694080 1024 20090
19314 12 12 0 READ 2147695104 1024 20680
19438 13 13 36 READ 2147758080 1024 21360
19554 13 13 0 READ 2147696128 1024 21950
18532 0 0 16 READ 2147728896 1024 22550
20196 14 14 17 READ 2147728000 1024 23190
19843 12 12 16 READ 2147725824 1024 24170
20024 13 13 17 READ 2147726976 1024 24760
18198 0 0 0 READ 2147698176 1024 25390
18310 0 0 4 READ 2147698688 1024 25980
18138 3 3 24 READ 2147731968 1024 26580
18161 3 3 29 READ 2147732608 1024 27250
18628 0 0 20 READ 2147729408 1024 27840
17823 3 3 8 READ 2147701248 1024 28550
17899 3 3 12 READ 2147701760 1024 29140
18540 4 4 28 READ 2147733504 1024 29740
18668 7 7 8 READ 2147705344 1024 30420
18879 9 9 8 READ 2147707392 1024 31010
19198 10 10 8 READ 2147708416 1024 31600
18748 7 7 12 READ 2147705856 1024 32280
18980 9 9 29 READ 2147738752 1024 32880
19809 11 11 24 READ 2147740160 1024 33630
20081 12 12 24 READ 2147741184 1024 34220
19894 8 8 28 READ 2147737600 1024 34920
19371 11 11 8 READ 2147709440 1024 35600
19935 14 14 8 READ 2147712512 1024 36190
19664 12 12 9 READ 2147710592 1024 36780
19754 13 13 8 READ 2147711488 1024 37460
19404 13 13 31 READ 2147743104 1024 38060
18784 0 0 24 READ 2147744256 1024 38650
18581 1 1 32 READ 2147745280 1024 39240
18611 4 4 38 READ 2147548928 1024 39840
20275 13 13 24 READ 2147742208 1024 40570
17751 4 4 38 READ 2147749120 1024 41180
17800 1 1 0 READ 2147683840 1024 41770
18316 3 3 0 READ 2147485696 1024 42360
18338 3 3 32 READ 2147747328 1024 43040
18466 2 2 34 READ 2147746560 1024 43630
18490 2 2 0 READ 2147484672 1024 44310
17975 3 3 16 READ 2147716608 1024 44970
18397 0 0 8 READ 2147713536 1024 45580
18439 0 0 12 READ 2147714048 1024 46250
17996 5 5 0 READ 2147687936 1024 46860
18278 6 6 34 READ 2147750656 1024 47450
18344 6 6 36 READ 2147750912 1024 48040
18472 5 5 20 READ 2147719168 1024 48730
18849 7 7 16 READ 2147720704 1024 49320
18708 0 0 34 READ 2147559680 1024 49970
19524 13 13 33 READ 2147757696 1024 50560
19084 9 9 0 READ 2147491840 1024 51150
19110 9 9 36 READ 2147753984 1024 51830
44876 11 11 16 READ 2147524608 1024 52430
48019 12 12 16 READ 2147525632 1024 53100
50802 13 13 16 READ 2147526656 1024 53690
64667 14 14 16 READ 2147527680 1024 54280
25009 3 3 46 READ 2147563264 1024 55060
28393 4 4 46 READ 2147564288 1024 55650
30462 5 5 46 READ 2147565312 1024 56240
43313 13 13 0 READ 2147495936 1024 56920
44910 0 0 0 READ 2147497984 1024 57510
47220 14 14 0 READ 2147496960 1024 58190
48579 1 1 44 READ 2147761152 1024 58860
51918 1 1 8 READ 2147499008 1024 59560
74268 2 2 46 READ 2147562240 1024 60270
49923 0 0 16 READ 2147528704 1024 60870
51098 3 3 24 READ 2147531776 1024 61460
72702 1 1 24 READ 2147529728 1024 62130
18031 1 1 12 READ 2147699712 1024 62730
18441 1 1 28 READ 2147730432 1024 63330
54321 4 4 24 READ 2147532800 1024 63920
18163 4 4 12 READ 2147702784 1024 64600
18922 5 5 28 READ 2147734528 1024 65200
20069 6 6 28 READ 2147735552 1024 65790
38512 10 10 44 READ 2147770368 1024 66470
39794 10 10 8 READ 2147508224 1024 67060
39885 11 11 8 READ 2147509248 1024 67650
39975 11 11 46 READ 2147771648 1024 68330
44697 12 12 8 READ 2147510272 1024 68970
45184 0 0 46 READ 2147575552 1024 69600
46751 12 12 46 READ 2147772672 1024 70190
46842 13 13 46 READ 2147773696 1024 70780
47569 14 14 46 READ 2147574528 1024 71710
48110 13 13 8 READ 2147511296 1024 72300
50711 12 12 24 READ 2147540992 1024 72900
53940 0 0 24 READ 2147544064 1024 73510
67510 13 13 24 READ 2147542016 1024 74430
71310 14 14 24 READ 2147543040 1024 75020
45093 0 0 46 READ 2147775744 1024 75620
47401 14 14 46 READ 2147774720 1024 76210
47433 0 0 8 READ 2147513344 1024 76800
50532 14 14 8 READ 2147512320 1024 77480
72139 1 1 16 READ 2147514368 1024 78070
75103 2 2 16 READ 2147515392 1024 78750
52328 3 3 32 READ 2147547136 1024 79370
83105 1 1 32 READ 2147545088 1024 79960
19186 4 4 32 READ 2147748352 1024 80580
19161 6 6 34 READ 2147550464 1024 81170
27006 1 1 0 READ 2147483648 1024 81760
27566 4 4 0 READ 2147486720 1024 82440
60677 8 8 32 READ 2147552256 1024 83030
83538 7 7 32 READ 2147551232 1024 83730
83875 5 5 32 READ 2147549184 1024 84370
18247 1 1 20 READ 2147715072 1024 85030
20404 8 8 32 READ 2147752448 1024 85690
28303 5 5 0 READ 2147487744 1024 86280
28748 7 7 0 READ 2147489792 1024 86870
30675 8 8 0 READ 2147490816 1024 87560
31297 6 6 0 READ 2147488768 1024 88150
61218 10 10 32 READ 2147554304 1024 88850
62394 8 8 36 READ 2147752960 1024 89590
62848 9 9 32 READ 2147553280 1024 90360
63812 11 11 32 READ 2147555328 1024 91090
64496 12 12 32 READ 2147556352 1024 91680
40653 10 10 16 READ 2147523584 1024 92320
40835 9 9 16 READ 2147522560 1024 93020
37420 8 8 16 READ 2147521536 1024 93760
54926 7 7 16 READ 2147520512 1024 94350
20545 14 14 36 READ 2147558912 1024 95110
20703 13 13 36 READ 2147557888 1024 95700
20990 12 12 32 READ 2147756544 1024 96290
36574 10 10 0 READ 2147492864 1024 96970
38467 11 11 0 READ 2147493888 1024 97560
42379 12 12 0 READ 2147494912 1024 98260
50730 1 1 44 READ 2147560960 1024 98910
62958 10 10 36 READ 2147755008 1024 99560
79093 3 3 4 WRITE 2147886592 1024 100210
79108 3 3 0 WRITE 2147886080 1024 100860
79125 3 3 2 WRITE 2147886336 1024 101510
76373 2 2 24 READ 2147530752 1024 101970
18684 2 2 8 READ 2147500032 1024 102570
19728 14 14 0 READ 2147697152 1024 103160
57981 7 7 24 READ 2147535872 1024 103760
79911 5 5 24 READ 2147533824 1024 104430
85818 6 6 24 READ 2147534848 1024 105020
97953 14 14 16 WRITE 2147928064 1024 105700
97968 14 14 22 WRITE 2147928832 1024 106200
97983 14 14 18 WRITE 2147928320 1024 106630
98012 14 14 20 WRITE 2147928576 1024 107060
18254 5 5 12 READ 2147703808 1024 107500
19222 7 7 28 READ 2147736576 1024 108100
84088 2 2 34 READ 2147546368 1024 108730
30371 4 4 16 READ 2147517440 1024 109340
49708 3 3 16 READ 2147516416 1024 109930
55662 5 5 16 READ 2147518464 1024 110520
62302 6 6 16 READ 2147519488 1024 111200
80546 4 4 38 WRITE 2147949312 1024 111800
105875 4 4 36 WRITE 2147949056 1024 112230
163789 2 2 16 WRITE 2147915776 1024 112670
163805 2 2 18 WRITE 2147916032 1024 113100
163904 2 2 20 WRITE 2147916288 1024 113530
163938 2 2 22 WRITE 2147916544 1024 113960
83090 2 2 0 WRITE 2147885056 1024 114400
83106 2 2 2 WRITE 2147885312 1024 114830
101143 2 2 3 WRITE 2147885440 1024 115260
101159 2 2 4 WRITE 2147885568 1024 115690
106250 2 2 6 WRITE 2147885824 1024 116120
107051 2 2 7 WRITE 2147885952 1024 116550
163920 2 2 1 WRITE 2147885184 1024 116980
163983 2 2 5 WRITE 2147885696 1024 117410
24048 3 3 8 READ 2147501056 1024 117880
24919 3 3 46 READ 2147763456 1024 118470
28212 4 4 46 READ 2147764480 1024 119060
29167 4 4 8 READ 2147502080 1024 119740
29882 5 5 8 READ 2147503104 1024 120400
30282 5 5 46 READ 2147765504 1024 120990
34218 7 7 46 READ 2147567360 1024 121670
35630 8 8 46 READ 2147568384 1024 122260
38693 9 9 46 READ 2147569408 1024 123090
36349 6 6 46 READ 2147566336 1024 123680
55282 2 2 46 READ 2147762432 1024 124270
96594 0 0 36 WRITE 2147960320 1024 124970
96610 0 0 34 WRITE 2147960064 1024 125580
96625 0 0 32 WRITE 2147959808 1024 126010
96655 0 0 38 WRITE 2147960576 1024 126440
19280 9 9 40 READ 2147768832 1024 126890
19308 9 9 8 READ 2147507200 1024 127480
33857 7 7 46 READ 2147767552 1024 128070
34970 8 8 8 READ 2147506176 1024 128750
36169 6 6 46 READ 2147766528 1024 129340
37609 9 9 46 READ 2147769600 1024 130020
38603 10 10 44 READ 2147570176 1024 130710
40563 11 11 46 READ 2147571456 1024 131470
35239 7 7 8 READ 2147505152 1024 132060
36442 6 6 8 READ 2147504128 1024 132650
47112 12 12 46 READ 2147572480 1024 133480
47929 13 13 46 READ 2147573504 1024 134340
103540 1 1 8 WRITE 2147899392 1024 134930
119667 14 14 6 WRITE 2147898112 1024 135360
99748 0 0 0 WRITE 2147898368 1024 135790
103556 1 1 10 WRITE 2147899648 1024 136230
119683 14 14 4 WRITE 2147897856 1024 136730
102209 0 0 6 WRITE 2147899136 1024 137160
169931 1 1 12 WRITE 2147899904 1024 137590
165584 2 2 12 WRITE 2147900928 1024 138020
50257 11 11 24 READ 2147539968 1024 138460
39310 8 8 24 READ 2147536896 1024 139050
55954 9 9 24 READ 2147537920 1024 139640
56941 10 10 24 READ 2147538944 1024 140320
163954 2 2 24 WRITE 2147931136 1024 140910
163998 2 2 26 WRITE 2147931392 1024 141340
103978 1 1 24 WRITE 2147930112 1024 141770
103994 1 1 26 WRITE 2147930368 1024 142390
184854 3 3 24 WRITE 2147932160 1024 142820
163520 4 4 24 WRITE 2147933184 1024 143250
184902 3 3 26 WRITE 2147932416 1024 143680
203713 1 1 28 WRITE 2147930624 1024 144110
185350 3 3 28 WRITE 2147932672 1024 144540
163985 4 4 26 WRITE 2147933440 1024 144970
203814 1 1 30 WRITE 2147930880 1024 145400
201954 2 2 28 WRITE 2147931648 1024 145830
199653 3 3 30 WRITE 2147932928 1024 146260
184778 4 4 28 WRITE 2147933696 1024 146690
185978 4 4 30 WRITE 2147933952 1024 147120
202975 5 5 8 WRITE 2147903488 1024 147560
203069 5 5 10 WRITE 2147903744 1024 147990
203179 5 5 12 WRITE 2147904000 1024 148420
203195 5 5 14 WRITE 2147904256 1024 148850
204866 3 3 8 WRITE 2147901440 1024 149280
205024 3 3 10 WRITE 2147901696 1024 149710
205057 3 3 12 WRITE 2147901952 1024 150140
205150 3 3 14 WRITE 2147902208 1024 150570
203485 5 5 15 WRITE 2147904384 1024 151000
203651 5 5 9 WRITE 2147903616 1024 151430
204735 5 5 11 WRITE 2147903872 1024 151860
206359 5 5 13 WRITE 2147904128 1024 152290
221919 9 9 44 WRITE 2147969536 1024 152720
187819 5 5 24 WRITE 2147934208 1024 153160
187835 5 5 26 WRITE 2147934464 1024 153590
187852 5 5 28 WRITE 2147934720 1024 154020
187881 5 5 30 WRITE 2147934976 1024 154450
122950 14 14 42 WRITE 2147974400 1024 154890
123379 14 14 40 WRITE 2147974144 1024 155320
202487 14 14 44 WRITE 2147974656 1024 155750
203189 14 14 46 WRITE 2147974912 1024 156180
145060 10 10 8 WRITE 2147908608 1024 156610
145076 10 10 14 WRITE 2147909376 1024 157040
145092 10 10 10 WRITE 2147908864 1024 157470
145121 10 10 12 WRITE 2147909120 1024 157900
202773 9 9 14 WRITE 2147908352 1024 158330
202865 9 9 8 WRITE 2147907584 1024 158760
202915 9 9 10 WRITE 2147907840 1024 159190
202931 9 9 12 WRITE 2147908096 1024 159620
213405 12 12 46 WRITE 2147972864 1024 160050
213492 12 12 40 WRITE 2147972096 1024 160480
221574 12 12 42 WRITE 2147972352 1024 160910
222319 12 12 44 WRITE 2147972608 1024 161340
222510 12 12 47 WRITE 2147972992 1024 161770
204516 12 12 24 WRITE 2147941376 1024 162210
204825 12 12 26 WRITE 2147941632 1024 162640
204842 12 12 28 WRITE 2147941888 1024 163070
205018 12 12 30 WRITE 2147942144 1024 163500
208648 12 12 25 WRITE 2147941504 1024 163930
222094 9 9 30 WRITE 2147939072 1024 164360
209963 12 12 27 WRITE 2147941760 1024 164790
222109 9 9 24 WRITE 2147938304 1024 165220
210255 12 12 29 WRITE 2147942016 1024 165650
222205 9 9 26 WRITE 2147938560 1024 166080
210804 12 12 31 WRITE 2147942272 1024 166510
222236 9 9 28 WRITE 2147938816 1024 166940
123347 14 14 24 WRITE 2147943424 1024 167380
123363 14 14 26 WRITE 2147943680 1024 167810
123409 14 14 28 WRITE 2147943936 1024 168240
170349 14 14 30 WRITE 2147944192 1024 168670
114182 11 11 8 WRITE 2147909632 1024 169110
114198 11 11 10 WRITE 2147909888 1024 169540
114213 11 11 14 WRITE 2147910400 1024 169970
114242 11 11 12 WRITE 2147910144 1024 170400
203825 12 12 8 WRITE 2147910656 1024 170830
203400 13 13 8 WRITE 2147911680 1024 171260
203843 12 12 14 WRITE 2147911424 1024 171690
203431 13 13 10 WRITE 2147911936 1024 172120
203512 13 13 12 WRITE 2147912192 1024 172550
203528 13 13 14 WRITE 2147912448 1024 172980
203992 12 12 10 WRITE 2147910912 1024 173410
204155 12 12 12 WRITE 2147911168 1024 173840
201870 14 14 8 WRITE 2147912704 1024 174270
201967 14 14 10 WRITE 2147912960 1024 174700
202065 14 14 12 WRITE 2147913216 1024 175130
202163 14 14 14 WRITE 2147913472 1024 175560
139923 5 5 32 WRITE 2147949568 1024 176000
167922 5 5 36 WRITE 2147950080 1024 176430
167939 5 5 38 WRITE 2147950336 1024 176860
168013 5 5 34 WRITE 2147949824 1024 177290
184870 3 3 38 WRITE 2147948288 1024 177720
172629 1 1 0 WRITE 2147884032 1024 178150
172645 1 1 2 WRITE 2147884288 1024 178580
172674 1 1 4 WRITE 2147884544 1024 179010
172785 1 1 6 WRITE 2147884800 1024 179440
201907 2 2 38 WRITE 2147947264 1024 179870
202394 3 3 32 WRITE 2147947520 1024 180300
204733 3 3 34 WRITE 2147947776 1024 180730
204748 3 3 36 WRITE 2147948032 1024 181160
186131 4 4 32 WRITE 2147948544 1024 181590
204489 1 1 7 WRITE 2147884928 1024 182020
172925 1 1 16 WRITE 2147914752 1024 182460
201729 1 1 18 WRITE 2147915008 1024 182890
203515 1 1 20 WRITE 2147915264 1024 183320
203596 1 1 22 WRITE 2147915520 1024 183750
184918 3 3 22 WRITE 2147917568 1024 184180
184947 3 3 16 WRITE 2147916800 1024 184610
184994 3 3 18 WRITE 2147917056 1024 185040
185102 3 3 20 WRITE 2147917312 1024 185470
165267 0 0 14 WRITE 2147914496 1024 185900
170397 0 0 8 WRITE 2147913728 1024 186330
201555 0 0 10 WRITE 2147913984 1024 186760
203274 0 0 12 WRITE 2147914240 1024 187190
223275 0 0 9 WRITE 2147913856 1024 187620
223360 0 0 11 WRITE 2147914112 1024 188050
223445 0 0 13 WRITE 2147914368 1024 188480
223615 0 0 15 WRITE 2147914624 1024 188910
92286 3 3 1 WRITE 2147886208 1024 189350
102308 3 3 6 WRITE 2147886848 1024 189780
102339 3 3 3 WRITE 2147886464 1024 190210
102416 3 3 5 WRITE 2147886720 1024 190640
167675 5 5 0 WRITE 2147888128 1024 191070
167906 5 5 6 WRITE 2147888896 1024 191500
167969 5 5 2 WRITE 2147888384 1024 191930
167984 5 5 4 WRITE 2147888640 1024 192360
143323 6 6 34 WRITE 2147950848 1024 192790
163552 4 4 6 WRITE 2147887872 1024 193220
163742 4 4 0 WRITE 2147887104 1024 193650
187960 5 5 7 WRITE 2147889024 1024 194080
188054 5 5 1 WRITE 2147888256 1024 194510
188192 5 5 3 WRITE 2147888512 1024 194940
202396 5 5 5 WRITE 2147888768 1024 195370
163841 4 4 2 WRITE 2147887360 1024 195800
163906 4 4 4 WRITE 2147887616 1024 196230
184964 3 3 7 WRITE 2147886976 1024 196660
187675 5 5 22 WRITE 2147919616 1024 197100
187756 5 5 16 WRITE 2147918848 1024 197530
187771 5 5 18 WRITE 2147919104 1024 197960
187787 5 5 20 WRITE 2147919360 1024 198390
202347 4 4 22 WRITE 2147918592 1024 198820
202510 4 4 16 WRITE 2147917824 1024 199250
202609 4 4 18 WRITE 2147918080 1024 199680
206457 5 5 17 WRITE 2147918976 1024 200110
206554 5 5 19 WRITE 2147919232 1024 200540
206649 5 5 21 WRITE 2147919488 1024 200970
206782 5 5 23 WRITE 2147919744 1024 201400
89826 9 9 0 WRITE 2147892224 1024 201840
89842 9 9 2 WRITE 2147892480 1024 202270
89857 9 9 4 WRITE 2147892736 1024 202700
89887 9 9 1 WRITE 2147892352 1024 203130
89932 9 9 6 WRITE 2147892992 1024 203560
203889 11 11 34 WRITE 2147955968 1024 203990
204339 13 13 32 WRITE 2147957760 1024 204420
204239 11 11 32 WRITE 2147955712 1024 204850
204599 13 13 34 WRITE 2147958016 1024 205280
204271 11 11 36 WRITE 2147956224 1024 205710
204616 13 13 36 WRITE 2147958272 1024 206140
204288 11 11 38 WRITE 2147956480 1024 206570
204810 13 13 38 WRITE 2147958528 1024 207000
205033 12 12 32 WRITE 2147956736 1024 207430
205222 12 12 34 WRITE 2147956992 1024 207860
205348 12 12 36 WRITE 2147957248 1024 208290
205486 12 12 38 WRITE 2147957504 1024 208720
169969 6 6 0 WRITE 2147889152 1024 209150
145136 10 10 32 WRITE 2147954688 1024 209580
145165 10 10 34 WRITE 2147954944 1024 210010
208216 10 10 38 WRITE 2147955456 1024 210440
114027 9 9 3 WRITE 2147892608 1024 210870
170067 6 6 6 WRITE 2147889920 1024 211300
151307 8 8 0 WRITE 2147891200 1024 211730
202647 9 9 5 WRITE 2147892864 1024 212160
151323 8 8 6 WRITE 2147891968 1024 212590
202726 9 9 7 WRITE 2147893120 1024 213020
151339 8 8 2 WRITE 2147891456 1024 213450
151368 8 8 4 WRITE 2147891712 1024 213880
152258 7 7 0 WRITE 2147890176 1024 214310
170103 6 6 2 WRITE 2147889408 1024 214740
170135 6 6 4 WRITE 2147889664 1024 215170
111998 11 11 16 WRITE 2147924992 1024 215610
112182 11 11 22 WRITE 2147925760 1024 216040
113996 11 11 18 WRITE 2147925248 1024 216470
172920 11 11 20 WRITE 2147925504 1024 216900
202741 9 9 22 WRITE 2147923712 1024 217330
209547 9 9 16 WRITE 2147922944 1024 217760
221713 9 9 18 WRITE 2147923200 1024 218190
221999 9 9 20 WRITE 2147923456 1024 218620
172598 1 1 42 WRITE 2147961088 1024 219060
170300 13 13 0 WRITE 2147896320 1024 219490
172754 1 1 47 WRITE 2147961728 1024 219920
200548 14 14 17 WRITE 2147928192 1024 220360
200912 14 14 19 WRITE 2147928448 1024 220790
95521 13 13 16 WRITE 2147927040 1024 221220
95537 13 13 22 WRITE 2147927808 1024 221650
95553 13 13 18 WRITE 2147927296 1024 222080
95703 13 13 20 WRITE 2147927552 1024 222510
114393 12 12 16 WRITE 2147926016 1024 222940
114409 12 12 22 WRITE 2147926784 1024 223370
114424 12 12 18 WRITE 2147926272 1024 223800
114453 12 12 20 WRITE 2147926528 1024 224230
206161 0 0 16 WRITE 2147929088 1024 224660
206919 14 14 21 WRITE 2147928704 1024 225090
207801 0 0 18 WRITE 2147929344 1024 225520
207014 14 14 23 WRITE 2147928960 1024 225950
207815 0 0 20 WRITE 2147929600 1024 226380
207830 0 0 22 WRITE 2147929856 1024 226810
222646 0 0 23 WRITE 2147929984 1024 227240
201664 14 14 2 WRITE 2147897600 1024 227680
102224 0 0 2 WRITE 2147898624 1024 228110
172566 1 1 14 WRITE 2147900160 1024 228540
165661 2 2 8 WRITE 2147900416 1024 228970
201743 14 14 0 WRITE 2147897344 1024 229400
102241 0 0 4 WRITE 2147898880 1024 229830
165676 2 2 10 WRITE 2147900672 1024 230260
202894 5 5 44 WRITE 2147965440 1024 230690
206078 14 14 7 WRITE 2147898240 1024 231120
102367 0 0 1 WRITE 2147898496 1024 231550
203213 5 5 40 WRITE 2147964928 1024 231980
206175 14 14 1 WRITE 2147897472 1024 232410
163160 0 0 3 WRITE 2147898752 1024 232840
208395 1 1 9 WRITE 2147899520 1024 233270
203436 2 2 14 WRITE 2147901184 1024 233700
204849 3 3 42 WRITE 2147963136 1024 234130
203311 5 5 42 WRITE 2147965184 1024 234560
206272 14 14 3 WRITE 2147897728 1024 234990
163223 0 0 7 WRITE 2147899264 1024 235420
208486 1 1 11 WRITE 2147899776 1024 235850
204262 2 2 15 WRITE 2147901312 1024 236280
205244 3 3 40 WRITE 2147962880 1024 236710
203326 5 5 46 WRITE 2147965696 1024 237140
206400 14 14 5 WRITE 2147897984 1024 237570
163271 0 0 5 WRITE 2147899008 1024 238000
204360 2 2 30 WRITE 2147931904 1024 238440
222041 3 3 29 WRITE 2147932800 1024 238870
332969 1 1 25 WRITE 2147930240 1024 239300
330586 3 3 25 WRITE 2147932288 1024 239730
333060 1 1 27 WRITE 2147930496 1024 240160
332048 3 3 27 WRITE 2147932544 1024 240590
335623 1 1 29 WRITE 2147930752 1024 241020
335771 1 1 31 WRITE 2147931008 1024 241450
209353 4 4 27 WRITE 2147933568 1024 241880
332021 4 4 29 WRITE 2147933824 1024 242310
336240 4 4 25 WRITE 2147933312 1024 242740
222655 9 9 47 WRITE 2147969920 1024 243180
222768 9 9 40 WRITE 2147969024 1024 243610
222957 9 9 42 WRITE 2147969280 1024 244040
223114 9 9 46 WRITE 2147969792 1024 244470
207082 4 4 8 WRITE 2147902464 1024 244900
208670 4 4 10 WRITE 2147902720 1024 245330
208685 4 4 12 WRITE 2147902976 1024 245760
208837 4 4 14 WRITE 2147903232 1024 246190
208669 3 3 15 WRITE 2147902336 1024 246620
208755 3 3 9 WRITE 2147901568 1024 247050
296325 6 6 14 WRITE 2147905280 1024 247480
208836 3 3 11 WRITE 2147901824 1024 247910
297521 6 6 8 WRITE 2147904512 1024 248340
221839 8 8 40 WRITE 2147968000 1024 248770
220019 3 3 13 WRITE 2147902080 1024 249200
207900 5 5 25 WRITE 2147934336 1024 249640
221374 5 5 27 WRITE 2147934592 1024 250070
222548 5 5 31 WRITE 2147935104 1024 250500
222637 5 5 29 WRITE 2147934848 1024 250930
202055 6 6 24 WRITE 2147935232 1024 251360
207761 7 7 26 WRITE 2147936512 1024 251790
221471 7 7 30 WRITE 2147937024 1024 252220
222108 8 8 30 WRITE 2147938048 1024 252650
332181 8 8 24 WRITE 2147937280 1024 253080
332266 8 8 26 WRITE 2147937536 1024 253510
332344 8 8 28 WRITE 2147937792 1024 253940
331780 6 6 26 WRITE 2147935488 1024 254370
331878 6 6 28 WRITE 2147935744 1024 254800
331964 6 6 30 WRITE 2147936000 1024 255230
225841 12 12 41 WRITE 2147972224 1024 255670
253681 12 12 24 READ 2147778048 1024 256100
253737 12 12 24 READ 2147577856 1024 256690
203691 13 13 24 WRITE 2147942400 1024 257300
203960 13 13 26 WRITE 2147942656 1024 257730
204125 13 13 28 WRITE 2147942912 1024 258160
204241 13 13 30 WRITE 2147943168 1024 258590
203831 1 1 32 WRITE 2147945472 1024 259020
204031 1 1 34 WRITE 2147945728 1024 259450
204063 1 1 36 WRITE 2147945984 1024 259880
204160 1 1 38 WRITE 2147946240 1024 260310
207109 14 14 25 WRITE 2147943552 1024 260740
207723 14 14 27 WRITE 2147943808 1024 261170
218520 0 0 24 WRITE 2147944448 1024 261600
217745 14 14 29 WRITE 2147944064 1024 262030
221783 0 0 26 WRITE 2147944704 1024 262460
221670 14 14 31 WRITE 2147944320 1024 262890
222433 0 0 28 WRITE 2147944960 1024 263320
222558 0 0 30 WRITE 2147945216 1024 263750
224017 0 0 25 WRITE 2147944576 1024 264180
224095 0 0 27 WRITE 2147944832 1024 264610
208557 12 12 9 WRITE 2147910784 1024 265050
206530 14 14 9 WRITE 2147912832 1024 265480
208574 12 12 11 WRITE 2147911040 1024 265910
206626 14 14 11 WRITE 2147913088 1024 266340
208734 12 12 13 WRITE 2147911296 1024 266770
206724 14 14 13 WRITE 2147913344 1024 267200
208818 12 12 15 WRITE 2147911552 1024 267630
206822 14 14 15 WRITE 2147913600 1024 268060
222759 0 0 40 WRITE 2147975168 1024 268490
222848 0 0 42 WRITE 2147975424 1024 268920
222933 0 0 44 WRITE 2147975680 1024 269350
223105 0 0 46 WRITE 2147975936 1024 269780
253935 12 12 28 READ 2147778560 1024 270210
256108 0 0 47 WRITE 2147976064 1024 270800
186163 4 4 34 WRITE 2147948800 1024 271240
204587 1 1 1 WRITE 2147884160 1024 271670
204699 1 1 3 WRITE 2147884416 1024 272100
205699 1 1 5 WRITE 2147884672 1024 272530
206276 2 2 32 WRITE 2147946496 1024 272960
206292 2 2 34 WRITE 2147946752 1024 273390
206581 2 2 36 WRITE 2147947008 1024 273820
208916 1 1 17 WRITE 2147914880 1024 274260
208998 1 1 19 WRITE 2147915136 1024 274690
209190 1 1 21 WRITE 2147915392 1024 275120
209270 1 1 23 WRITE 2147915648 1024 275550
221372 3 3 17 WRITE 2147916928 1024 275980
221467 3 3 19 WRITE 2147917184 1024 276410
221565 3 3 21 WRITE 2147917440 1024 276840
221691 3 3 23 WRITE 2147917696 1024 277270
346742 1 1 24 READ 2147587072 1024 277700
147070 8 8 34 WRITE 2147952896 1024 278300
141047 7 7 32 WRITE 2147951616 1024 278730
204785 4 4 7 WRITE 2147888000 1024 279160
170084 6 6 32 WRITE 2147950592 1024 279590
151384 8 8 38 WRITE 2147953408 1024 280020
222331 9 9 32 WRITE 2147953664 1024 280450
222363 9 9 34 WRITE 2147953920 1024 280880
222459 9 9 36 WRITE 2147954176 1024 281310
222552 9 9 38 WRITE 2147954432 1024 281740
202187 6 6 36 WRITE 2147951104 1024 282170
207392 6 6 38 WRITE 2147951360 1024 282600
170069 8 8 32 WRITE 2147952640 1024 283030
204644 8 8 36 WRITE 2147953152 1024 283460
152383 7 7 38 WRITE 2147952384 1024 283890
202121 7 7 34 WRITE 2147951872 1024 284320
207564 7 7 36 WRITE 2147952128 1024 284750
280478 4 4 1 WRITE 2147887232 1024 285180
331186 4 4 3 WRITE 2147887488 1024 285610
221535 6 6 16 WRITE 2147919872 1024 286050
221551 6 6 18 WRITE 2147920128 1024 286480
208932 4 4 20 WRITE 2147918336 1024 286910
281174 6 6 20 WRITE 2147920384 1024 287340
222298 7 7 16 WRITE 2147920896 1024 287770
331893 7 7 18 WRITE 2147921152 1024 288200
331982 7 7 20 WRITE 2147921408 1024 288630
297821 6 6 22 WRITE 2147920640 1024 289060
333952 4 4 17 WRITE 2147917952 1024 289490
335564 4 4 19 WRITE 2147918208 1024 289920
336093 4 4 21 WRITE 2147918464 1024 290350
336167 4 4 23 WRITE 2147918720 1024 290780
346694 1 1 24 READ 2147787264 1024 291210
346910 1 1 28 READ 2147787776 1024 291800
332618 7 7 22 WRITE 2147921664 1024 292390
364564 7 7 17 WRITE 2147921024 1024 292820
364624 7 7 19 WRITE 2147921280 1024 293250
380286 1 1 0 READ 2147593216 1024 293680
152351 7 7 6 WRITE 2147890944 1024 294280
152367 7 7 2 WRITE 2147890432 1024 294710
170002 7 7 4 WRITE 2147890688 1024 295140
331851 8 8 7 WRITE 2147892096 1024 295570
332886 8 8 1 WRITE 2147891328 1024 296000
332963 8 8 3 WRITE 2147891584 1024 296430
333041 8 8 5 WRITE 2147891840 1024 296860
332487 6 6 1 WRITE 2147889280 1024 297290
335025 6 6 3 WRITE 2147889536 1024 297720
335566 6 6 5 WRITE 2147889792 1024 298150
335641 6 6 7 WRITE 2147890048 1024 298580
332936 7 7 7 WRITE 2147891072 1024 299010
333014 7 7 1 WRITE 2147890304 1024 299440
363948 7 7 3 WRITE 2147890560 1024 299870
364043 7 7 5 WRITE 2147890816 1024 300300
207671 8 8 22 WRITE 2147922688 1024 300740
221601 8 8 16 WRITE 2147921920 1024 301170
221791 8 8 18 WRITE 2147922176 1024 301600
332053 8 8 20 WRITE 2147922432 1024 302030
380238 1 1 0 READ 2147793408 1024 302460
380452 1 1 4 READ 2147793920 1024 303050
203238 13 13 2 WRITE 2147896576 1024 303650
203368 13 13 6 WRITE 2147897088 1024 304080
203384 13 13 4 WRITE 2147896832 1024 304510
203696 1 1 46 WRITE 2147961600 1024 304940
203860 12 12 6 WRITE 2147896064 1024 305370
203991 11 11 0 WRITE 2147894272 1024 305800
203891 12 12 0 WRITE 2147895296 1024 306230
204106 11 11 2 WRITE 2147894528 1024 306660
203910 12 12 2 WRITE 2147895552 1024 307090
204206 11 11 4 WRITE 2147894784 1024 307520
203943 12 12 4 WRITE 2147895808 1024 307950
204224 11 11 6 WRITE 2147895040 1024 308380
202178 14 14 32 WRITE 2147958784 1024 308810
202195 14 14 34 WRITE 2147959040 1024 309240
202295 14 14 36 WRITE 2147959296 1024 309670
202390 14 14 38 WRITE 2147959552 1024 310100
201970 2 2 44 WRITE 2147962368 1024 310530
204261 1 1 40 WRITE 2147960832 1024 310960
204374 1 1 44 WRITE 2147961344 1024 311390
208293 10 10 0 WRITE 2147893248 1024 311820
208308 10 10 2 WRITE 2147893504 1024 312250
283331 12 12 1 WRITE 2147895424 1024 312680
207587 13 13 1 WRITE 2147896448 1024 313110
222321 14 14 33 WRITE 2147958912 1024 313540
309187 0 0 33 WRITE 2147959936 1024 313970
208326 10 10 4 WRITE 2147893760 1024 314400
283944 12 12 3 WRITE 2147895680 1024 314830
207603 13 13 3 WRITE 2147896704 1024 315260
222415 14 14 35 WRITE 2147959168 1024 315690
309267 0 0 35 WRITE 2147960192 1024 316120
405178 1 1 41 WRITE 2147960960 1024 316550
206744 2 2 40 WRITE 2147961856 1024 316980
208357 10 10 6 WRITE 2147894016 1024 317410
284539 12 12 5 WRITE 2147895936 1024 317840
207619 13 13 5 WRITE 2147896960 1024 318270
222602 14 14 37 WRITE 2147959424 1024 318700
309764 0 0 37 WRITE 2147960448 1024 319130
405192 1 1 43 WRITE 2147961216 1024 319560
206859 2 2 42 WRITE 2147962112 1024 319990
421849 10 10 7 WRITE 2147894144 1024 320420
285067 12 12 7 WRITE 2147896192 1024 320850
207678 13 13 7 WRITE 2147897216 1024 321280
310326 0 0 39 WRITE 2147960704 1024 321710
405206 1 1 45 WRITE 2147961472 1024 322140
208487 2 2 46 WRITE 2147962624 1024 322570
421895 10 10 1 WRITE 2147893376 1024 323000
422098 10 10 3 WRITE 2147893632 1024 323430
422365 10 10 5 WRITE 2147893888 1024 323860
223781 0 0 17 WRITE 2147929216 1024 324300
223860 0 0 19 WRITE 2147929472 1024 324730
223938 0 0 21 WRITE 2147929728 1024 325160
284231 12 12 17 WRITE 2147926144 1024 325590
284308 12 12 19 WRITE 2147926400 1024 326020
284411 12 12 21 WRITE 2147926656 1024 326450
284463 12 12 23 WRITE 2147926912 1024 326880
391242 1 1 22 READ 2147795200 1024 327310
402320 4 4 16 READ 2147796480 1024 327900
415181 7 7 0 READ 2147599360 1024 328490
208578 1 1 13 WRITE 2147900032 1024 329180
204442 2 2 9 WRITE 2147900544 1024 329610
206017 3 3 44 WRITE 2147963392 1024 330040
204902 4 4 44 WRITE 2147964416 1024 330470
208034 6 6 42 WRITE 2147966208 1024 330900
208847 1 1 15 WRITE 2147900288 1024 331330
208580 3 3 46 WRITE 2147963648 1024 331760
281076 6 6 44 WRITE 2147966464 1024 332190
209096 4 4 40 WRITE 2147963904 1024 332620
209193 4 4 42 WRITE 2147964160 1024 333050
297637 6 6 47 WRITE 2147966848 1024 333480
209273 4 4 46 WRITE 2147964672 1024 333910
332137 6 6 40 WRITE 2147965952 1024 334340
332221 6 6 46 WRITE 2147966720 1024 334770
280754 5 5 47 WRITE 2147965824 1024 335200
208608 2 2 11 WRITE 2147900800 1024 335630
333176 3 3 47 WRITE 2147963776 1024 336060
337041 4 4 47 WRITE 2147964800 1024 336490
218675 2 2 13 WRITE 2147901056 1024 336920
440493 6 6 43 WRITE 2147966336 1024 337350
440570 6 6 41 WRITE 2147966080 1024 337780
455493 6 6 45 WRITE 2147966592 1024 338210
415121 7 7 0 READ 2147799552 1024 338650
431215 7 7 6 READ 2147800320 1024 339240
331879 7 7 40 WRITE 2147966976 1024 339840
331995 7 7 42 WRITE 2147967232 1024 340270
332568 8 8 42 WRITE 2147968256 1024 340700
332644 8 8 44 WRITE 2147968512 1024 341130
332726 8 8 46 WRITE 2147968768 1024 341560
332806 8 8 47 WRITE 2147968896 1024 341990
297651 6 6 10 WRITE 2147904768 1024 342420
297740 6 6 12 WRITE 2147905024 1024 342850
331847 4 4 9 WRITE 2147902592 1024 343280
331933 4 4 11 WRITE 2147902848 1024 343710
332107 4 4 13 WRITE 2147903104 1024 344140
332303 6 6 13 WRITE 2147905152 1024 344570
332249 4 4 15 WRITE 2147903360 1024 345000
335715 6 6 9 WRITE 2147904640 1024 345430
335789 6 6 11 WRITE 2147904896 1024 345860
335863 6 6 15 WRITE 2147905408 1024 346290
332222 7 7 44 WRITE 2147967488 1024 346720
332859 7 7 46 WRITE 2147967744 1024 347150
421687 10 10 46 WRITE 2147970816 1024 347580
421879 10 10 40 WRITE 2147970048 1024 348010
332697 7 7 24 WRITE 2147936256 1024 348450
332777 7 7 28 WRITE 2147936768 1024 348880
431298 7 7 31 WRITE 2147937152 1024 349310
431326 7 7 25 WRITE 2147936384 1024 349740
431355 7 7 27 WRITE 2147936640 1024 350170
431370 7 7 29 WRITE 2147936896 1024 350600
432290 6 6 31 WRITE 2147936128 1024 351030
432303 6 6 25 WRITE 2147935360 1024 351460
432323 6 6 27 WRITE 2147935616 1024 351890
432345 6 6 29 WRITE 2147935872 1024 352320
443639 1 1 40 READ 2147803648 1024 352750
443853 1 1 44 READ 2147804160 1024 353340
454013 1 1 8 READ 2147607552 1024 353930
462417 6 6 42 READ 2147609856 1024 354610
223469 9 9 9 WRITE 2147907712 1024 355210
283681 9 9 13 WRITE 2147908224 1024 355640
283694 9 9 11 WRITE 2147907968 1024 356070
281055 0 0 8 READ 2147578880 1024 356500
421769 10 10 24 WRITE 2147939328 1024 357100
421800 10 10 26 WRITE 2147939584 1024 357530
421815 10 10 28 WRITE 2147939840 1024 357960
421831 10 10 30 WRITE 2147940096 1024 358390
287466 9 9 27 WRITE 2147938688 1024 358820
287546 9 9 25 WRITE 2147938432 1024 359250
287627 9 9 29 WRITE 2147938944 1024 359680
287786 9 9 31 WRITE 2147939200 1024 360110
453965 1 1 8 READ 2147807744 1024 360540
462364 6 6 40 READ 2147809792 1024 361130
462599 6 6 44 READ 2147810304 1024 361720
472526 6 6 8 READ 2147611648 1024 362400
478690 7 7 24 READ 2147612672 1024 362990
255815 0 0 29 WRITE 2147945088 1024 363700
259381 0 0 31 WRITE 2147945344 1024 364130
335846 1 1 33 WRITE 2147945600 1024 364560
336360 1 1 35 WRITE 2147945856 1024 364990
373342 1 1 37 WRITE 2147946112 1024 365420
373405 1 1 39 WRITE 2147946368 1024 365850
297573 0 0 12 READ 2147779584 1024 366290
211327 11 11 9 WRITE 2147909760 1024 366880
211342 11 11 11 WRITE 2147910016 1024 367310
211414 11 11 15 WRITE 2147910528 1024 367740
211429 11 11 13 WRITE 2147910272 1024 368170
207783 13 13 9 WRITE 2147911808 1024 368600
207879 13 13 11 WRITE 2147912064 1024 369030
208221 13 13 13 WRITE 2147912320 1024 369460
208407 13 13 15 WRITE 2147912576 1024 369890
424235 0 0 41 WRITE 2147975296 1024 370320
333539 3 3 0 READ 2147781120 1024 370750
424886 0 0 45 WRITE 2147975808 1024 371340
425538 0 0 43 WRITE 2147975552 1024 371770
365439 12 12 24 WRITE 2147978240 1024 372200
365497 12 12 26 WRITE 2147978496 1024 372630
365555 12 12 25 WRITE 2147978368 1024 373060
421641 12 12 27 WRITE 2147978624 1024 373490
428659 12 12 30 WRITE 2147979008 1024 373920
428745 12 12 28 WRITE 2147978752 1024 374350
428832 12 12 31 WRITE 2147979136 1024 374780
328918 14 14 16 READ 2147584000 1024 375210
333999 3 3 4 READ 2147781632 1024 375800
428921 12 12 29 WRITE 2147978880 1024 376390
374205 4 4 33 WRITE 2147948672 1024 376830
374268 4 4 35 WRITE 2147948928 1024 377260
374402 4 4 37 WRITE 2147949184 1024 377690
374528 4 4 39 WRITE 2147949440 1024 378120
499423 1 1 32 READ 2147816960 1024 378550
499676 1 1 36 READ 2147817472 1024 379140
342812 0 0 0 READ 2147786240 1024 379740
342860 0 0 0 READ 2147586048 1024 380410
331764 4 4 5 WRITE 2147887744 1024 381010
374867 7 7 33 WRITE 2147951744 1024 381440
374960 7 7 35 WRITE 2147952000 1024 381870
375005 7 7 37 WRITE 2147952256 1024 382300
375084 7 7 39 WRITE 2147952512 1024 382730
374338 6 6 33 WRITE 2147950720 1024 383160
287880 9 9 33 WRITE 2147953792 1024 383590
374466 6 6 35 WRITE 2147950976 1024 384020
288104 9 9 35 WRITE 2147954048 1024 384450
374593 6 6 37 WRITE 2147951232 1024 384880
432389 6 6 39 WRITE 2147951488 1024 385310
390159 7 7 21 WRITE 2147921536 1024 385750
390233 7 7 23 WRITE 2147921792 1024 386180
374727 6 6 17 WRITE 2147920000 1024 386610
374797 6 6 19 WRITE 2147920256 1024 387040
374880 6 6 21 WRITE 2147920512 1024 387470
381072 6 6 23 WRITE 2147920768 1024 387900
488316 14 14 26 READ 2147790592 1024 388330
488330 14 14 26 READ 2147590400 1024 388920
522404 0 0 0 WRITE 2147986432 1024 389510
523597 0 0 2 WRITE 2147986688 1024 389940
209007 10 10 36 WRITE 2147955200 1024 390380
286738 12 12 33 WRITE 2147956864 1024 390810
286886 12 12 35 WRITE 2147957120 1024 391240
286972 12 12 37 WRITE 2147957376 1024 391670
320570 12 12 39 WRITE 2147957632 1024 392100
366036 11 11 39 WRITE 2147956608 1024 392530
523072 7 7 32 READ 2147824128 1024 392960
523326 7 7 36 READ 2147824640 1024 393550
527742 7 7 16 READ 2147826176 1024 394140
390093 1 1 16 READ 2147594240 1024 394830
430552 1 1 0 WRITE 2147993600 1024 395440
430744 1 1 1 WRITE 2147993728 1024 395870
431180 4 4 20 READ 2147796992 1024 396300
430834 1 1 2 WRITE 2147993856 1024 396890
430867 1 1 3 WRITE 2147993984 1024 397320
430975 1 1 6 WRITE 2147994368 1024 397750
431066 1 1 4 WRITE 2147994112 1024 398180
431160 1 1 7 WRITE 2147994496 1024 398610
412606 6 6 0 READ 2147798528 1024 399040
431451 1 1 5 WRITE 2147994240 1024 399630
431121 6 6 0 READ 2147598336 1024 400060
433733 4 4 41 WRITE 2147964032 1024 400660
437067 4 4 43 WRITE 2147964288 1024 401090
439901 4 4 45 WRITE 2147964544 1024 401520
443127 0 0 32 READ 2147802624 1024 401960
443176 0 0 32 READ 2147602432 1024 402550
443687 1 1 40 READ 2147603456 1024 403140
421990 10 10 42 WRITE 2147970304 1024 403830
431413 7 7 47 WRITE 2147967872 1024 404260
422239 10 10 44 WRITE 2147970560 1024 404690
453564 7 7 41 WRITE 2147967104 1024 405120
453650 7 7 43 WRITE 2147967360 1024 405550
454018 7 7 45 WRITE 2147967616 1024 405980
281668 5 5 8 READ 2147576832 1024 406410
426289 2 2 2 READ 2147576064 1024 407000
465088 7 7 0 WRITE 2147999744 1024 407600
465163 7 7 2 WRITE 2148000000 1024 408030
465237 7 7 1 WRITE 2147999872 1024 408460
465323 7 7 3 WRITE 2148000128 1024 408890
465774 7 7 6 WRITE 2148000512 1024 409320
465849 7 7 4 WRITE 2148000256 1024 409750
465925 7 7 5 WRITE 2148000384 1024 410180
466011 7 7 7 WRITE 2148000640 1024 410610
492404 0 0 16 READ 2147805696 1024 411040
502331 0 0 22 READ 2147806464 1024 411630
366858 8 8 25 WRITE 2147937408 1024 412220
366920 8 8 27 WRITE 2147937664 1024 412650
367104 8 8 29 WRITE 2147937920 1024 413080
367226 8 8 31 WRITE 2147938176 1024 413510
540818 12 12 22 READ 2147607296 1024 413940
222014 8 8 8 WRITE 2147906560 1024 414540
281176 8 8 10 WRITE 2147906816 1024 414970
331951 8 8 12 WRITE 2147907072 1024 415400
332040 8 8 14 WRITE 2147907328 1024 415830
332138 7 7 8 WRITE 2147905536 1024 416260
333119 8 8 9 WRITE 2147906688 1024 416690
332369 7 7 10 WRITE 2147905792 1024 417120
333196 8 8 11 WRITE 2147906944 1024 417550
332462 7 7 12 WRITE 2147906048 1024 417980
332541 7 7 14 WRITE 2147906304 1024 418410
364114 7 7 9 WRITE 2147905664 1024 418840
364389 7 7 15 WRITE 2147906432 1024 419270
364442 7 7 11 WRITE 2147905920 1024 419700
364503 7 7 13 WRITE 2147906176 1024 420130
211498 11 11 46 WRITE 2147971840 1024 420560
211580 11 11 40 WRITE 2147971072 1024 420990
211673 11 11 42 WRITE 2147971328 1024 421420
335227 12 12 43 WRITE 2147972480 1024 421850
323177 13 13 46 WRITE 2147973888 1024 422280
333552 3 3 0 READ 2147580928 1024 422710
281641 5 5 8 READ 2147777024 1024 423300
364091 8 8 15 WRITE 2147907456 1024 423890
422456 10 10 9 WRITE 2147908736 1024 424320
211740 11 11 44 WRITE 2147971584 1024 424750
338849 12 12 45 WRITE 2147972736 1024 425180
421739 13 13 42 WRITE 2147973376 1024 425610
223728 14 14 47 WRITE 2147975040 1024 426040
364165 8 8 13 WRITE 2147907200 1024 426470
422548 10 10 11 WRITE 2147908992 1024 426900
282762 11 11 47 WRITE 2147971968 1024 427330
429293 13 13 40 WRITE 2147973120 1024 427760
488670 14 14 43 WRITE 2147974528 1024 428190
431372 9 9 15 WRITE 2147908480 1024 428620
422640 10 10 13 WRITE 2147909248 1024 429050
487749 11 11 41 WRITE 2147971200 1024 429480
429382 13 13 44 WRITE 2147973632 1024 429910
488713 14 14 41 WRITE 2147974272 1024 430340
422732 10 10 15 WRITE 2147909504 1024 430770
429636 13 13 45 WRITE 2147973760 1024 431200
564949 13 13 41 WRITE 2147973248 1024 431630
568845 13 13 43 WRITE 2147973504 1024 432060
568925 13 13 47 WRITE 2147974016 1024 432490
426983 5 5 0 READ 2147579904 1024 432920
483872 1 1 12 READ 2147808256 1024 433520
283440 11 11 24 WRITE 2147940352 1024 434110
332198 11 11 28 WRITE 2147940864 1024 434540
332427 11 11 26 WRITE 2147940608 1024 434970
332507 11 11 30 WRITE 2147941120 1024 435400
363783 11 11 31 WRITE 2147941248 1024 435830
496224 6 6 24 READ 2147613696 1024 436260
470739 4 4 8 READ 2147610624 1024 436850
571694 12 12 16 WRITE 2148006912 1024 437440
210349 13 13 25 WRITE 2147942528 1024 437880
210430 13 13 29 WRITE 2147943040 1024 438310
210593 13 13 27 WRITE 2147942784 1024 438740
320643 13 13 31 WRITE 2147943296 1024 439170
472470 6 6 8 READ 2147811840 1024 439600
478630 7 7 24 READ 2147812864 1024 440190
478898 7 7 28 READ 2147813376 1024 440780
487487 14 14 0 READ 2147585024 1024 441470
431684 9 9 0 READ 2147582976 1024 442060
523568 0 0 24 READ 2147815936 1024 442760
572391 13 13 10 READ 2147819264 1024 443350
572469 13 13 10 READ 2147619072 1024 443940
221945 2 2 17 WRITE 2147915904 1024 444630
328866 14 14 16 READ 2147784192 1024 445210
430898 2 2 23 WRITE 2147916672 1024 445890
430913 2 2 19 WRITE 2147916160 1024 446320
430991 2 2 21 WRITE 2147916416 1024 446750
421820 14 14 20 READ 2147784704 1024 447220
523128 7 7 32 READ 2147623936 1024 447820
487829 12 12 8 READ 2147591168 1024 448420
539462 7 7 20 READ 2147826688 1024 449020
208373 10 10 16 WRITE 2147923968 1024 449620
208390 10 10 18 WRITE 2147924224 1024 450050
208420 10 10 20 WRITE 2147924480 1024 450480
208602 10 10 22 WRITE 2147924736 1024 450910
405715 1 1 24 WRITE 2147987456 1024 451340
405876 1 1 26 WRITE 2147987712 1024 451770
405890 1 1 27 WRITE 2147987840 1024 452200
405903 1 1 25 WRITE 2147987584 1024 452630
285946 9 9 17 WRITE 2147923072 1024 453060
286032 9 9 19 WRITE 2147923328 1024 453490
405969 1 1 28 WRITE 2147987968 1024 453920
286106 9 9 21 WRITE 2147923584 1024 454350
418954 1 1 30 WRITE 2147988224 1024 454780
402372 4 4 16 READ 2147596288 1024 455210
419541 1 1 29 WRITE 2147988096 1024 455800
426174 1 1 31 WRITE 2147988352 1024 456230
365159 11 11 1 WRITE 2147894400 1024 456670
366098 11 11 3 WRITE 2147894656 1024 457100
366159 11 11 5 WRITE 2147894912 1024 457530
554625 7 7 40 READ 2147831296 1024 457960
554681 7 7 40 READ 2147631104 1024 458550
565551 8 8 24 READ 2147633152 1024 459140
489463 12 12 0 READ 2147600384 1024 459830
565490 8 8 24 READ 2147833344 1024 460430
565764 8 8 28 READ 2147833856 1024 461020
577773 5 5 45 WRITE 2147965568 1024 461610
577786 5 5 41 WRITE 2147965056 1024 462040
577861 5 5 43 WRITE 2147965312 1024 462470
605635 7 7 44 READ 2147831808 1024 462900
606426 9 9 8 READ 2147637248 1024 463490
330111 2 2 31 WRITE 2147932032 1024 464090
330177 2 2 25 WRITE 2147931264 1024 464520
431006 2 2 27 WRITE 2147931520 1024 464950
431209 2 2 29 WRITE 2147931776 1024 465380
492496 0 0 16 READ 2147605504 1024 465810
540627 8 8 43 WRITE 2147968384 1024 466410
540913 8 8 41 WRITE 2147968128 1024 466840
544779 8 8 45 WRITE 2147968640 1024 467270
540718 9 9 45 WRITE 2147969664 1024 467700
540732 9 9 41 WRITE 2147969152 1024 468130
540759 9 9 43 WRITE 2147969408 1024 468560
606254 9 9 8 READ 2147837440 1024 468990
607856 13 13 40 READ 2147839488 1024 469580
608026 13 13 40 READ 2147639296 1024 470170
608210 9 9 14 READ 2147838208 1024 470850
610600 2 2 16 READ 2147641344 1024 471440
489863 2 2 8 READ 2147608576 1024 472130
608898 13 13 46 READ 2147840256 1024 472750
610539 2 2 16 READ 2147841536 1024 473340
610797 2 2 20 READ 2147842048 1024 473930
489073 11 11 45 WRITE 2147971712 1024 474610
614062 11 11 43 WRITE 2147971456 1024 475200
595658 12 12 18 WRITE 2148007168 1024 475640
489283 11 11 25 WRITE 2147940480 1024 476070
489374 11 11 27 WRITE 2147940736 1024 476500
432269 10 10 25 WRITE 2147939456 1024 476930
489462 11 11 29 WRITE 2147940992 1024 477360
432750 10 10 27 WRITE 2147939712 1024 477790
487670 10 10 29 WRITE 2147939968 1024 478220
488586 10 10 31 WRITE 2147940224 1024 478650
494652 1 1 8 WRITE 2148007936 1024 479090
494734 1 1 10 WRITE 2148008192 1024 479520
494814 1 1 9 WRITE 2148008064 1024 479950
494907 1 1 11 WRITE 2148008320 1024 480380
496266 6 6 40 WRITE 2148009984 1024 480810
499479 1 1 32 READ 2147616768 1024 481240
496293 6 6 42 WRITE 2148010240 1024 481830
496306 6 6 43 WRITE 2148010368 1024 482260
496508 6 6 44 WRITE 2148010496 1024 482690
496522 6 6 46 WRITE 2148010752 1024 483120
496548 6 6 41 WRITE 2148010112 1024 483550
567545 9 9 24 READ 2147814912 1024 483980
523894 0 0 24 READ 2147615744 1024 484570
496561 6 6 45 WRITE 2148010624 1024 485160
568121 9 9 24 READ 2147614720 1024 485590
496645 6 6 47 WRITE 2148010880 1024 486180
578468 2 2 0 WRITE 2147976192 1024 486620
578521 2 2 2 WRITE 2147976448 1024 487050
577624 5 5 22 READ 2147582720 1024 487480
580958 2 2 6 WRITE 2147976960 1024 488070
582786 2 2 4 WRITE 2147976704 1024 488500
583202 2 2 1 WRITE 2147976320 1024 488930
583815 2 2 3 WRITE 2147976576 1024 489360
583666 5 5 8 WRITE 2147977216 1024 489790
584297 2 2 5 WRITE 2147976832 1024 490220
583679 5 5 10 WRITE 2147977472 1024 490650
584859 2 2 7 WRITE 2147977088 1024 491080
584781 5 5 12 WRITE 2147977728 1024 491510
638480 8 8 40 READ 2147845632 1024 491940
640193 9 9 40 READ 2147846656 1024 492530
636114 2 2 24 READ 2147844608 1024 493120
584795 5 5 11 WRITE 2147977600 1024 493810
584808 5 5 9 WRITE 2147977344 1024 494390
584834 5 5 14 WRITE 2147977984 1024 494820
584862 5 5 13 WRITE 2147977856 1024 495250
648267 9 9 46 READ 2147847424 1024 495680
426916 3 3 39 WRITE 2147948416 1024 496280
430837 3 3 33 WRITE 2147947648 1024 496710
430930 3 3 35 WRITE 2147947904 1024 497140
430961 3 3 37 WRITE 2147948160 1024 497570
420403 5 5 39 WRITE 2147950464 1024 498000
426844 5 5 33 WRITE 2147949696 1024 498430
426876 5 5 35 WRITE 2147949952 1024 498860
426919 5 5 37 WRITE 2147950208 1024 499290
581048 2 2 33 WRITE 2147946624 1024 499720
542103 4 4 32 READ 2147621888 1024 500150
605586 2 2 35 WRITE 2147946880 1024 500740
605689 2 2 37 WRITE 2147947136 1024 501170
605825 2 2 39 WRITE 2147947392 1024 501600
602894 0 0 40 READ 2147619840 1024 502030
491007 0 0 8 WRITE 2147979264 1024 502630
491021 0 0 10 WRITE 2147979520 1024 503060
491048 0 0 11 WRITE 2147979648 1024 503490
491076 0 0 9 WRITE 2147979392 1024 503920
521453 0 0 12 WRITE 2147979776 1024 504350
521467 0 0 14 WRITE 2147980032 1024 504780
521494 0 0 13 WRITE 2147979904 1024 505210
521521 0 0 15 WRITE 2147980160 1024 505640
431616 9 9 0 READ 2147783168 1024 506070
431008 3 3 8 READ 2147588096 1024 506660
527798 7 7 16 READ 2147625984 1024 507260
580326 5 5 24 READ 2147789312 1024 507860
523988 0 0 1 WRITE 2147986560 1024 508450
524016 0 0 4 WRITE 2147986944 1024 508880
524041 0 0 3 WRITE 2147986816 1024 509310
524180 0 0 6 WRITE 2147987200 1024 509740
524234 0 0 5 WRITE 2147987072 1024 510200
601749 0 0 7 WRITE 2147987328 1024 510630
516642 14 14 8 READ 2147592192 1024 511060
429468 13 13 39 WRITE 2147958656 1024 511660
429981 13 13 33 WRITE 2147957888 1024 512090
487407 13 13 35 WRITE 2147958144 1024 512520
488232 13 13 37 WRITE 2147958400 1024 512950
432336 10 10 35 WRITE 2147955072 1024 513380
489541 11 11 33 WRITE 2147955840 1024 513810
568764 11 11 35 WRITE 2147956096 1024 514240
568843 11 11 37 WRITE 2147956352 1024 514670
568684 10 10 33 WRITE 2147954816 1024 515100
571572 10 10 37 WRITE 2147955328 1024 515530
601766 1 1 0 READ 2147629056 1024 515960
288184 9 9 23 WRITE 2147923840 1024 516560
487325 12 12 8 READ 2147791360 1024 516990
364176 8 8 17 WRITE 2147922048 1024 517580
364187 8 8 19 WRITE 2147922304 1024 518010
364198 8 8 21 WRITE 2147922560 1024 518440
488146 12 12 14 READ 2147792128 1024 518870
488488 8 8 23 WRITE 2147922816 1024 519460
541196 8 8 0 READ 2147597312 1024 519890
488698 14 14 39 WRITE 2147959680 1024 520490
488680 11 11 7 WRITE 2147895168 1024 520920
614742 7 7 32 WRITE 2148024320 1024 521350
614756 7 7 34 WRITE 2148024576 1024 521780
615014 7 7 33 WRITE 2148024448 1024 522210
615071 7 7 35 WRITE 2148024704 1024 522640
616107 7 7 0 READ 2147632128 1024 523070
616473 7 7 36 WRITE 2148024832 1024 523660
617822 2 2 41 WRITE 2147961984 1024 524090
617998 2 2 43 WRITE 2147962240 1024 524520
618176 2 2 47 WRITE 2147962752 1024 524950
629434 7 7 38 WRITE 2148025088 1024 525380
629506 7 7 8 READ 2147634176 1024 525810
546184 1 1 0 READ 2147829248 1024 526400
632269 2 2 45 WRITE 2147962496 1024 526990
632274 7 7 39 WRITE 2148025216 1024 527420
632590 7 7 37 WRITE 2148024960 1024 527850
629842 1 1 4 READ 2147829760 1024 528280
429552 13 13 17 WRITE 2147927168 1024 528880
429719 13 13 19 WRITE 2147927424 1024 529310
429802 13 13 21 WRITE 2147927680 1024 529740
429892 13 13 23 WRITE 2147927936 1024 530170
572230 13 13 0 READ 2147601408 1024 530600
576343 3 3 45 WRITE 2147963520 1024 531200
576355 3 3 41 WRITE 2147963008 1024 531630
576380 3 3 43 WRITE 2147963264 1024 532060
630461 8 8 8 READ 2147636224 1024 532490
632101 7 7 12 READ 2147834880 1024 533080
431262 4 4 31 WRITE 2147934080 1024 533680
489734 12 12 4 READ 2147801088 1024 534110
624218 10 10 47 WRITE 2147970944 1024 534710
630308 8 8 8 READ 2147836416 1024 535140
632512 8 8 24 WRITE 2148033536 1024 535730
632526 8 8 26 WRITE 2148033792 1024 536160
632540 8 8 27 WRITE 2148033920 1024 536590
632565 8 8 25 WRITE 2148033664 1024 537140
632910 8 8 28 WRITE 2148034048 1024 537570
633059 8 8 30 WRITE 2148034304 1024 538000
633208 8 8 29 WRITE 2148034176 1024 538430
633356 8 8 31 WRITE 2148034432 1024 538860
657893 1 1 24 READ 2147642368 1024 539290
601640 0 0 38 WRITE 2148003584 1024 539890
601657 0 0 32 WRITE 2148002816 1024 540320
601686 0 0 34 WRITE 2148003072 1024 540750
601702 0 0 39 WRITE 2148003712 1024 541180
601733 0 0 36 WRITE 2148003328 1024 541610
601779 0 0 33 WRITE 2148002944 1024 542040
601825 0 0 35 WRITE 2148003200 1024 542470
601928 0 0 37 WRITE 2148003456 1024 542900
638531 8 8 40 READ 2147645440 1024 543340
642818 9 9 40 READ 2147646464 1024 543930
636162 2 2 24 READ 2147644416 1024 544520
614140 14 14 45 WRITE 2147974784 1024 545200
629706 1 1 40 WRITE 2148003840 1024 545800
629733 1 1 42 WRITE 2148004096 1024 546230
629748 1 1 44 WRITE 2148004352 1024 546660
629802 1 1 46 WRITE 2148004608 1024 547090
657643 1 1 41 WRITE 2148003968 1024 547520
657727 1 1 43 WRITE 2148004224 1024 547950
657818 1 1 45 WRITE 2148004480 1024 548380
657861 1 1 47 WRITE 2148004736 1024 548810
615261 12 12 22 WRITE 2148007680 1024 549240
616852 12 12 20 WRITE 2148007424 1024 549670
639488 0 0 16 WRITE 2148005888 1024 550100
639599 0 0 18 WRITE 2148006144 1024 550530
639655 0 0 22 WRITE 2148006656 1024 550960
639739 0 0 20 WRITE 2148006400 1024 551390
640897 0 0 23 WRITE 2148006784 1024 551820
641267 0 0 17 WRITE 2148006016 1024 552250
641427 0 0 19 WRITE 2148006272 1024 552680
641521 0 0 21 WRITE 2148006528 1024 553110
605097 4 4 8 WRITE 2148011008 1024 553550
623563 11 11 8 READ 2147617792 1024 553980
629486 1 1 14 WRITE 2148008704 1024 554570
649110 11 11 40 READ 2147647488 1024 555010
648872 2 2 16 WRITE 2148041728 1024 555600
648967 2 2 18 WRITE 2148041984 1024 556030
649034 2 2 19 WRITE 2148042112 1024 556460
649116 2 2 17 WRITE 2148041856 1024 556920
665890 2 2 20 WRITE 2148042240 1024 557350
665962 2 2 22 WRITE 2148042496 1024 557780
666034 2 2 23 WRITE 2148042624 1024 558210
666106 2 2 21 WRITE 2148042368 1024 558640
604981 5 5 15 WRITE 2147978112 1024 559070
614363 7 7 24 WRITE 2148013056 1024 559510
614377 7 7 26 WRITE 2148013312 1024 559940
614468 7 7 28 WRITE 2148013568 1024 560370
614483 7 7 30 WRITE 2148013824 1024 560800
614511 7 7 31 WRITE 2148013952 1024 561230
614556 7 7 25 WRITE 2148013184 1024 561660
614572 7 7 27 WRITE 2148013440 1024 562090
614604 7 7 29 WRITE 2148013696 1024 562520
665041 9 9 24 WRITE 2148015104 1024 562950
665140 9 9 26 WRITE 2148015360 1024 563380
665202 9 9 28 WRITE 2148015616 1024 563810
665276 9 9 30 WRITE 2148015872 1024 564240
666583 9 9 31 WRITE 2148016000 1024 564670
666854 9 9 25 WRITE 2148015232 1024 565100
666933 9 9 27 WRITE 2148015488 1024 565530
666990 9 9 29 WRITE 2148015744 1024 565960
617176 12 12 24 READ 2147620864 1024 566390
602899 6 6 8 WRITE 2148012032 1024 566980
602931 6 6 10 WRITE 2148012288 1024 567410
637734 6 6 9 WRITE 2148012160 1024 567840
637861 6 6 11 WRITE 2148012416 1024 568270
687483 6 6 26 WRITE 2148014336 1024 568700
687546 6 6 12 WRITE 2148012544 1024 569130
687620 6 6 14 WRITE 2148012800 1024 569560
687668 6 6 24 WRITE 2148014080 1024 569990
687679 6 6 28 WRITE 2148014592 1024 570420
687829 6 6 30 WRITE 2148014848 1024 570850
580436 5 5 24 READ 2147589120 1024 571290
629843 3 3 6 WRITE 2147982080 1024 571880
629858 3 3 0 WRITE 2147981312 1024 572310
649300 11 11 44 READ 2147848192 1024 572740
669333 2 2 0 READ 2147851776 1024 573330
629872 3 3 2 WRITE 2147981568 1024 573920
629897 3 3 7 WRITE 2147982208 1024 574350
652647 5 5 6 WRITE 2147981056 1024 574780
671555 2 2 0 READ 2147651584 1024 575210
629911 3 3 4 WRITE 2147981824 1024 575800
652664 5 5 0 WRITE 2147980288 1024 576230
629964 3 3 1 WRITE 2147981440 1024 576660
652694 5 5 2 WRITE 2147980544 1024 577090
653634 10 10 24 READ 2147849728 1024 577520
630019 3 3 3 WRITE 2147981696 1024 578110
630125 3 3 5 WRITE 2147981952 1024 578540
652745 5 5 4 WRITE 2147980800 1024 578970
723016 10 10 28 READ 2147850240 1024 579400
421059 9 9 37 WRITE 2147954304 1024 580000
431252 9 9 39 WRITE 2147954560 1024 580430
420963 8 8 33 WRITE 2147952768 1024 580860
487589 8 8 35 WRITE 2147953024 1024 581290
488505 8 8 37 WRITE 2147953280 1024 581720
540772 8 8 39 WRITE 2147953536 1024 582150
574662 13 13 14 READ 2147819776 1024 582580
541996 4 4 32 READ 2147822080 1024 583170
550430 4 4 36 READ 2147822592 1024 583760
598398 4 4 0 READ 2147622912 1024 584440
623332 14 14 22 WRITE 2147985152 1024 585040
623348 14 14 16 WRITE 2147984384 1024 585470
623536 14 14 18 WRITE 2147984640 1024 585900
623566 14 14 17 WRITE 2147984512 1024 586490
623737 14 14 6 WRITE 2147986176 1024 586920
623751 14 14 20 WRITE 2147984896 1024 587350
623958 14 14 0 WRITE 2147985408 1024 587780
652704 14 14 2 WRITE 2147985664 1024 588210
652860 14 14 4 WRITE 2147985920 1024 588640
653078 14 14 19 WRITE 2147984768 1024 589070
653157 14 14 21 WRITE 2147985024 1024 589500
653169 14 14 23 WRITE 2147985280 1024 589930
678290 9 9 4 WRITE 2147983872 1024 590360
678382 9 9 6 WRITE 2147984128 1024 590790
683616 9 9 5 WRITE 2147984000 1024 591220
683698 9 9 7 WRITE 2147984256 1024 591650
687562 9 9 0 WRITE 2147983360 1024 592080
687635 9 9 2 WRITE 2147983616 1024 592510
683759 14 14 1 WRITE 2147985536 1024 592940
671863 2 2 6 READ 2147852544 1024 593370
687704 9 9 1 WRITE 2147983488 1024 593960
738545 13 13 34 READ 2147657984 1024 594390
683829 14 14 3 WRITE 2147985792 1024 594980
687774 9 9 3 WRITE 2147983744 1024 595410
488770 11 11 17 WRITE 2147925120 1024 595860
576119 3 3 20 READ 2147595776 1024 596290
428014 10 10 17 WRITE 2147924096 1024 596880
488862 11 11 19 WRITE 2147925376 1024 597310
428102 10 10 19 WRITE 2147924352 1024 597740
488956 11 11 21 WRITE 2147925632 1024 598170
431236 10 10 21 WRITE 2147924608 1024 598600
489194 11 11 23 WRITE 2147925888 1024 599030
566856 14 14 24 WRITE 2147990528 1024 599460
431803 10 10 23 WRITE 2147924864 1024 599890
567432 14 14 26 WRITE 2147990784 1024 600320
700094 8 8 16 READ 2147660800 1024 600750
542516 1 1 16 WRITE 2147994624 1024 601360
542621 1 1 18 WRITE 2147994880 1024 601790
542696 1 1 17 WRITE 2147994752 1024 602220
542775 1 1 22 WRITE 2147995392 1024 602650
543811 1 1 20 WRITE 2147995136 1024 603080
544162 1 1 19 WRITE 2147995008 1024 603510
544237 1 1 21 WRITE 2147995264 1024 603940
544323 1 1 23 WRITE 2147995520 1024 604370
700043 8 8 16 READ 2147860992 1024 604800
703991 8 8 20 READ 2147861504 1024 605390
719558 7 7 32 READ 2147664896 1024 605980
632604 7 7 42 WRITE 2148031744 1024 606670
632618 7 7 40 WRITE 2148031488 1024 607100
634938 7 7 41 WRITE 2148031616 1024 607530
635012 7 7 43 WRITE 2148031872 1024 607960
637531 7 7 46 WRITE 2148032256 1024 608390
637558 7 7 44 WRITE 2148032000 1024 608820
637573 7 7 45 WRITE 2148032128 1024 609250
637602 7 7 47 WRITE 2148032384 1024 609680
625671 10 10 8 READ 2147638272 1024 610110
426797 3 3 31 WRITE 2147933056 1024 610710
550629 6 6 0 WRITE 2147998720 1024 611140
601416 6 6 4 WRITE 2147999232 1024 611570
601553 6 6 2 WRITE 2147998976 1024 612000
601568 6 6 6 WRITE 2147999488 1024 612430
624420 10 10 0 READ 2147604480 1024 612860
601584 6 6 1 WRITE 2147998848 1024 613450
644651 13 13 24 READ 2147640320 1024 613890
649070 10 10 43 WRITE 2147970432 1024 614480
649083 10 10 41 WRITE 2147970176 1024 614910
649286 10 10 45 WRITE 2147970688 1024 615340
707222 7 7 0 WRITE 2148032512 1024 615770
707317 7 7 2 WRITE 2148032768 1024 616200
707384 7 7 4 WRITE 2148033024 1024 616630
718374 7 7 1 WRITE 2148032640 1024 617060
718463 7 7 6 WRITE 2148033280 1024 617490
718555 7 7 8 WRITE 2148034560 1024 617920
732389 13 13 6 WRITE 2148002560 1024 618360
732402 13 13 0 WRITE 2148001792 1024 618790
732426 13 13 2 WRITE 2148002048 1024 619220
737670 13 13 4 WRITE 2148002304 1024 619650
737684 13 13 1 WRITE 2148001920 1024 620080
737770 13 13 3 WRITE 2148002176 1024 620510
738784 13 13 5 WRITE 2148002432 1024 620940
738798 13 13 7 WRITE 2148002688 1024 621370
687589 12 12 2 WRITE 2148001024 1024 621800
687650 12 12 0 WRITE 2148000768 1024 622230
687672 12 12 1 WRITE 2148000896 1024 622660
699001 12 12 3 WRITE 2148001152 1024 623090
795164 12 12 6 WRITE 2148001536 1024 623520
795348 12 12 4 WRITE 2148001280 1024 623950
795896 12 12 5 WRITE 2148001408 1024 624380
658977 1 1 28 READ 2147843072 1024 624820
662868 9 9 8 WRITE 2148037632 1024 625410
662880 9 9 12 WRITE 2148038144 1024 625840
662893 9 9 10 WRITE 2148037888 1024 626270
662916 9 9 14 WRITE 2148038400 1024 626700
663015 9 9 15 WRITE 2148038528 1024 627130
663027 9 9 9 WRITE 2148037760 1024 627560
647843 13 13 40 WRITE 2148039680 1024 627990
647856 13 13 42 WRITE 2148039936 1024 628420
648045 13 13 46 WRITE 2148040448 1024 628850
648132 13 13 44 WRITE 2148040192 1024 629280
648778 13 13 47 WRITE 2148040576 1024 629710
737094 13 13 43 WRITE 2148040064 1024 630140
685954 5 5 40 READ 2147643392 1024 630570
738839 13 13 41 WRITE 2148039808 1024 631160
780612 9 9 13 WRITE 2148038272 1024 631590
780628 9 9 11 WRITE 2148038016 1024 632020
824966 10 10 8 WRITE 2148038656 1024 632450
825046 10 10 10 WRITE 2148038912 1024 632880
825139 10 10 12 WRITE 2148039168 1024 633310
825611 10 10 9 WRITE 2148038784 1024 633740
826371 10 10 11 WRITE 2148039040 1024 634170
827139 10 10 14 WRITE 2148039424 1024 634600
827234 10 10 13 WRITE 2148039296 1024 635030
781131 13 13 45 WRITE 2148040320 1024 635460
827328 10 10 15 WRITE 2148039552 1024 635890
782178 9 9 24 READ 2147677184 1024 636330
629815 1 1 12 WRITE 2148008448 1024 636930
630236 1 1 15 WRITE 2148008832 1024 637360
657908 1 1 13 WRITE 2148008576 1024 637790
647695 2 2 8 WRITE 2148008960 1024 638220
647770 2 2 10 WRITE 2148009216 1024 638650
647846 2 2 12 WRITE 2148009472 1024 639080
647938 2 2 14 WRITE 2148009728 1024 639510
652893 2 2 11 WRITE 2148009344 1024 639940
653319 2 2 9 WRITE 2148009088 1024 640370
665706 2 2 15 WRITE 2148009856 1024 640800
665815 2 2 13 WRITE 2148009600 1024 641230
619408 4 4 10 WRITE 2148011264 1024 641660
619595 4 4 11 WRITE 2148011392 1024 642090
619610 4 4 9 WRITE 2148011136 1024 642520
782119 9 9 24 READ 2147877376 1024 642950
782573 9 9 28 READ 2147877888 1024 643540
782933 9 9 32 READ 2147879424 1024 644130
687557 4 4 14 WRITE 2148011776 1024 644810
687571 4 4 13 WRITE 2148011648 1024 645400
856623 9 9 38 READ 2147880192 1024 645830
677485 11 11 24 READ 2147648512 1024 646470
653686 10 10 24 READ 2147649536 1024 647060
685952 3 3 32 READ 2147652608 1024 647760
675657 5 5 18 WRITE 2147982592 1024 648350
675680 5 5 16 WRITE 2147982336 1024 648780
760731 5 5 22 WRITE 2147983104 1024 649210
760746 5 5 20 WRITE 2147982848 1024 649640
760840 5 5 19 WRITE 2147982720 1024 650070
780658 9 9 40 WRITE 2148046848 1024 650500
780544 5 5 1 WRITE 2147980416 1024 650930
780673 9 9 46 WRITE 2148047616 1024 651360
780576 5 5 3 WRITE 2147980672 1024 651790
780880 9 9 42 WRITE 2148047104 1024 652220
780844 5 5 5 WRITE 2147980928 1024 652650
780894 9 9 47 WRITE 2148047744 1024 653080
780910 9 9 44 WRITE 2148047360 1024 653510
780925 9 9 41 WRITE 2148046976 1024 653940
781079 9 9 43 WRITE 2148047232 1024 654370
781222 9 9 45 WRITE 2148047488 1024 654800
611559 13 13 8 WRITE 2148019200 1024 655240
611574 13 13 10 WRITE 2148019456 1024 655670
603550 0 0 44 READ 2147820544 1024 656100
611603 13 13 9 WRITE 2148019328 1024 656690
659765 1 1 32 WRITE 2148017152 1024 657120
601617 6 6 32 READ 2147624960 1024 657550
611633 13 13 11 WRITE 2148019584 1024 658140
662098 1 1 34 WRITE 2148017408 1024 658570
662112 1 1 35 WRITE 2148017536 1024 659000
683908 14 14 5 WRITE 2147986048 1024 659440
683965 14 14 7 WRITE 2147986304 1024 659870
755254 3 3 38 READ 2147853568 1024 660300
680555 2 2 32 READ 2147854848 1024 660890
735492 2 2 36 READ 2147855360 1024 661480
780826 2 2 2 WRITE 2148052224 1024 662160
781087 2 2 1 WRITE 2148052096 1024 662810
781120 2 2 0 WRITE 2148051968 1024 663240
789263 2 2 3 WRITE 2148052352 1024 663670
869924 10 10 24 WRITE 2148049920 1024 664100
870024 10 10 26 WRITE 2148050176 1024 664530
870073 10 10 25 WRITE 2148050048 1024 664960
870159 10 10 27 WRITE 2148050304 1024 665390
871230 10 10 28 WRITE 2148050432 1024 665820
872024 10 10 30 WRITE 2148050688 1024 666250
872245 10 10 29 WRITE 2148050560 1024 666680
872391 10 10 31 WRITE 2148050816 1024 667110
723175 10 10 39 WRITE 2147955584 1024 667550
687494 4 4 40 READ 2147630080 1024 667980
688142 6 6 16 READ 2147627008 1024 668570
687538 12 12 32 READ 2147628032 1024 669160
737756 13 13 32 READ 2147857920 1024 669850
696626 9 9 16 READ 2147859968 1024 670440
696670 9 9 16 READ 2147659776 1024 671110
688937 7 7 16 WRITE 2148026368 1024 671810
689019 7 7 18 WRITE 2148026624 1024 672240
689061 7 7 17 WRITE 2148026496 1024 672670
689135 7 7 19 WRITE 2148026752 1024 673100
690060 7 7 20 WRITE 2148026880 1024 673530
690299 7 7 22 WRITE 2148027136 1024 673960
690361 7 7 21 WRITE 2148027008 1024 674390
690433 7 7 23 WRITE 2148027264 1024 674820
753001 6 6 22 READ 2147827968 1024 675250
794836 12 12 8 WRITE 2147991552 1024 675850
795120 12 12 10 WRITE 2147991808 1024 676280
795179 12 12 12 WRITE 2147992064 1024 676710
795250 12 12 14 WRITE 2147992320 1024 677140
795362 12 12 9 WRITE 2147991680 1024 677570
795719 12 12 11 WRITE 2147991936 1024 678000
795734 12 12 13 WRITE 2147992192 1024 678430
795792 12 12 15 WRITE 2147992448 1024 678860
781069 14 14 36 READ 2147862528 1024 679290
781180 14 14 8 WRITE 2147992576 1024 679880
811120 14 14 14 WRITE 2147993344 1024 680310
811134 14 14 10 WRITE 2147992832 1024 680740
811162 14 14 12 WRITE 2147993088 1024 681170
811188 14 14 15 WRITE 2147993472 1024 681600
740068 13 13 16 READ 2147665920 1024 682030
788580 2 2 40 READ 2147864064 1024 682620
789160 2 2 40 READ 2147663872 1024 683210
811542 14 14 9 WRITE 2147992704 1024 683890
811648 14 14 11 WRITE 2147992960 1024 684480
811661 14 14 13 WRITE 2147993216 1024 684910
897769 9 9 16 WRITE 2148060160 1024 685340
897862 9 9 18 WRITE 2148060416 1024 685770
897905 9 9 17 WRITE 2148060288 1024 686200
897979 9 9 19 WRITE 2148060544 1024 686630
898860 9 9 20 WRITE 2148060672 1024 687060
899133 9 9 22 WRITE 2148060928 1024 687490
899349 9 9 21 WRITE 2148060800 1024 687920
899421 9 9 23 WRITE 2148061056 1024 688350
687502 12 12 40 READ 2147635200 1024 688790
711651 1 1 0 WRITE 2148029440 1024 689380
711738 1 1 2 WRITE 2148029696 1024 689810
711824 1 1 1 WRITE 2148029568 1024 690240
711910 1 1 3 WRITE 2148029824 1024 690670
714347 1 1 4 WRITE 2148029952 1024 691100
714448 1 1 6 WRITE 2148030208 1024 691530
714520 1 1 5 WRITE 2148030080 1024 691960
714606 1 1 7 WRITE 2148030336 1024 692390
601646 6 6 7 WRITE 2147999616 1024 692830
601802 6 6 3 WRITE 2147999104 1024 693260
601919 6 6 5 WRITE 2147999360 1024 693690
704598 8 8 0 WRITE 2147997696 1024 694120
719531 7 7 32 READ 2147865088 1024 694550
704612 8 8 6 WRITE 2147998464 1024 695140
704626 8 8 2 WRITE 2147997952 1024 695570
704652 8 8 4 WRITE 2147998208 1024 696000
720115 8 8 1 WRITE 2147997824 1024 696430
719848 7 7 36 READ 2147865600 1024 696860
720209 8 8 3 WRITE 2147998080 1024 697450
811241 14 14 42 READ 2147671296 1024 697880
687507 4 4 16 WRITE 2147996672 1024 698470
720287 8 8 5 WRITE 2147998336 1024 698900
687520 4 4 18 WRITE 2147996928 1024 699330
721193 7 7 12 WRITE 2148035072 1024 699770
721273 7 7 14 WRITE 2148035328 1024 700200
721353 7 7 13 WRITE 2148035200 1024 700630
721843 7 7 10 WRITE 2148034816 1024 701060
722008 7 7 3 WRITE 2148032896 1024 701490
722113 7 7 5 WRITE 2148033152 1024 701920
722162 7 7 7 WRITE 2148033408 1024 702350
722248 7 7 9 WRITE 2148034688 1024 702780
722864 7 7 11 WRITE 2148034944 1024 703210
827814 7 7 15 WRITE 2148035456 1024 703640
915216 12 12 40 WRITE 2148035584 1024 704070
915267 12 12 42 WRITE 2148035840 1024 704500
915334 12 12 46 WRITE 2148036352 1024 704930
915386 12 12 44 WRITE 2148036096 1024 705360
916082 12 12 47 WRITE 2148036480 1024 705790
916295 12 12 41 WRITE 2148035712 1024 706220
916346 12 12 45 WRITE 2148036224 1024 706650
916396 12 12 43 WRITE 2148035968 1024 707080
796194 1 1 40 READ 2147872256 1024 707520
796280 1 1 40 READ 2147672064 1024 708110
721830 8 8 14 WRITE 2148037376 1024 708710
722025 8 8 15 WRITE 2148037504 1024 709140
722038 8 8 12 WRITE 2148037120 1024 709570
722940 8 8 13 WRITE 2148037248 1024 710000
723831 8 8 8 WRITE 2148036608 1024 710430
723906 8 8 10 WRITE 2148036864 1024 710860
723980 8 8 9 WRITE 2148036736 1024 711290
724054 8 8 11 WRITE 2148036992 1024 711720
782962 9 9 32 READ 2147679232 1024 712160
687601 12 12 19 WRITE 2148007296 1024 712750
795334 12 12 17 WRITE 2148007040 1024 713180
797371 1 1 44 READ 2147872768 1024 713610
827136 7 7 24 READ 2147876352 1024 714200
827458 7 7 24 READ 2147676160 1024 714790
865885 9 9 0 READ 2147682304 1024 715480
788764 1 1 24 WRITE 2148042752 1024 716080
793546 1 1 26 WRITE 2148043008 1024 716510
795929 1 1 27 WRITE 2148043136 1024 716940
796019 1 1 25 WRITE 2148042880 1024 717370
842934 1 1 28 WRITE 2148043264 1024 717800
843022 1 1 30 WRITE 2148043520 1024 718230
843084 1 1 29 WRITE 2148043392 1024 718660
843158 1 1 31 WRITE 2148043648 1024 719090
791252 6 6 42 READ 2147650816 1024 719520
829812 13 13 24 WRITE 2148040704 1024 720110
829921 13 13 26 WRITE 2148040960 1024 720540
829967 13 13 25 WRITE 2148040832 1024 720970
830025 13 13 28 WRITE 2148041216 1024 721400
912740 13 13 30 WRITE 2148041472 1024 721830
912794 13 13 29 WRITE 2148041344 1024 722260
912928 13 13 27 WRITE 2148041088 1024 722690
912939 13 13 31 WRITE 2148041600 1024 723120
688418 6 6 29 WRITE 2148014720 1024 723560
688431 6 6 13 WRITE 2148012672 1024 723990
688466 6 6 15 WRITE 2148012928 1024 724420
751255 6 6 25 WRITE 2148014208 1024 724850
751269 6 6 27 WRITE 2148014464 1024 725280
751327 6 6 31 WRITE 2148014976 1024 725710
865736 9 9 2 READ 2147882752 1024 726140
865761 9 9 24 WRITE 2148077568 1024 726730
865774 9 9 26 WRITE 2148077824 1024 727160
865823 9 9 25 WRITE 2148077696 1024 727590
866048 9 9 28 WRITE 2148078080 1024 728020
866074 9 9 27 WRITE 2148077952 1024 728450
866099 9 9 30 WRITE 2148078336 1024 728880
866137 9 9 29 WRITE 2148078208 1024 729310
866212 9 9 31 WRITE 2148078464 1024 729740
866793 9 9 4 READ 2147883008 1024 730170
827031 14 14 16 READ 2147881472 1024 730760
932303 9 9 32 WRITE 2148079616 1024 731350
932347 9 9 34 WRITE 2148079872 1024 731780
935401 9 9 38 WRITE 2148080384 1024 732210
935446 9 9 36 WRITE 2148080128 1024 732640
935492 9 9 33 WRITE 2148079744 1024 733070
935579 9 9 35 WRITE 2148080000 1024 733500
935624 9 9 39 WRITE 2148080512 1024 733930
935710 9 9 37 WRITE 2148080256 1024 734360
680600 2 2 32 READ 2147654656 1024 734800
662126 1 1 36 WRITE 2148017664 1024 735400
662151 1 1 38 WRITE 2148017920 1024 735830
662164 1 1 33 WRITE 2148017280 1024 736260
749127 11 11 14 WRITE 2148018944 1024 736690
664145 0 0 24 WRITE 2148016128 1024 737120
662250 1 1 37 WRITE 2148017792 1024 737550
749141 11 11 8 WRITE 2148018176 1024 737980
687592 0 0 26 WRITE 2148016384 1024 738410
662336 1 1 39 WRITE 2148018048 1024 738840
749169 11 11 10 WRITE 2148018432 1024 739270
687958 0 0 25 WRITE 2148016256 1024 739700
749372 11 11 12 WRITE 2148018688 1024 740130
688054 0 0 30 WRITE 2148016896 1024 740560
688125 0 0 28 WRITE 2148016640 1024 740990
688193 0 0 27 WRITE 2148016512 1024 741420
688287 0 0 29 WRITE 2148016768 1024 741850
883755 0 0 31 WRITE 2148017024 1024 742280
829664 13 13 14 WRITE 2148019968 1024 742710
829677 13 13 12 WRITE 2148019712 1024 743140
829690 13 13 15 WRITE 2148020096 1024 743570
829715 13 13 13 WRITE 2148019840 1024 744000
755643 11 11 15 WRITE 2148019072 1024 744430
942243 9 9 2 WRITE 2148082944 1024 744860
942295 9 9 0 WRITE 2148082688 1024 745290
942339 9 9 1 WRITE 2148082816 1024 745720
942390 9 9 3 WRITE 2148083072 1024 746150
944791 9 9 4 WRITE 2148083200 1024 746580
944830 9 9 6 WRITE 2148083456 1024 747010
944868 9 9 5 WRITE 2148083328 1024 747440
944912 9 9 7 WRITE 2148083584 1024 747870
689055 0 0 8 READ 2147655680 1024 748310
881687 0 0 40 WRITE 2148020224 1024 748910
881700 0 0 42 WRITE 2148020480 1024 749340
886607 12 12 26 WRITE 2148021504 1024 749770
886619 12 12 24 WRITE 2148021248 1024 750200
889449 12 12 28 WRITE 2148021760 1024 750630
889460 12 12 30 WRITE 2148022016 1024 751060
882837 0 0 46 WRITE 2148020992 1024 751490
739709 13 13 36 READ 2147858432 1024 751930
780876 5 5 28 WRITE 2147990016 1024 752520
691081 14 14 25 WRITE 2147990656 1024 752950
755308 3 3 10 WRITE 2147988736 1024 753380
780906 5 5 24 WRITE 2147989504 1024 753810
691153 14 14 27 WRITE 2147990912 1024 754240
755472 3 3 8 WRITE 2147988480 1024 754670
701329 14 14 32 READ 2147661824 1024 755100
781084 14 14 30 WRITE 2147991296 1024 755690
781164 14 14 28 WRITE 2147991040 1024 756120
888641 6 6 32 WRITE 2148025344 1024 756560
888654 6 6 34 WRITE 2148025600 1024 756990
888666 6 6 36 WRITE 2148025856 1024 757420
888689 6 6 38 WRITE 2148026112 1024 757850
888846 6 6 33 WRITE 2148025472 1024 758280
889400 6 6 35 WRITE 2148025728 1024 758710
889468 6 6 37 WRITE 2148025984 1024 759140
946760 6 6 16 WRITE 2148027392 1024 759570
946877 6 6 18 WRITE 2148027648 1024 760000
946948 6 6 22 WRITE 2148028160 1024 760430
947013 6 6 17 WRITE 2148027520 1024 760860
947064 6 6 20 WRITE 2148027904 1024 761290
947680 6 6 39 WRITE 2148026240 1024 761720
912856 13 13 34 WRITE 2148058368 1024 762160
912919 13 13 32 WRITE 2148058112 1024 762590
956244 13 13 36 WRITE 2148058624 1024 763020
956276 13 13 38 WRITE 2148058880 1024 763450
958877 13 13 35 WRITE 2148058496 1024 763880
958916 13 13 33 WRITE 2148058240 1024 764310
895655 12 12 36 WRITE 2148028928 1024 764750
895734 12 12 38 WRITE 2148029184 1024 765180
901959 12 12 32 WRITE 2148028416 1024 765610
902031 12 12 34 WRITE 2148028672 1024 766040
902926 12 12 33 WRITE 2148028544 1024 766470
903131 12 12 35 WRITE 2148028800 1024 766900
903203 12 12 37 WRITE 2148029056 1024 767330
903265 12 12 39 WRITE 2148029312 1024 767760
912862 4 4 40 WRITE 2148030464 1024 768190
720301 8 8 7 WRITE 2147998592 1024 768630
781053 13 13 22 READ 2147866880 1024 769060
687532 4 4 20 WRITE 2147997184 1024 769650
687595 4 4 22 WRITE 2147997440 1024 770080
896239 8 8 24 READ 2147668992 1024 770510
897557 0 0 32 READ 2147670016 1024 771100
687688 4 4 17 WRITE 2147996800 1024 771690
687782 4 4 19 WRITE 2147997056 1024 772120
827242 4 4 21 WRITE 2147997312 1024 772590
827322 4 4 23 WRITE 2147997568 1024 773180
912787 2 2 40 WRITE 2148064256 1024 773610
917718 4 4 24 READ 2147868160 1024 774040
917735 4 4 24 READ 2147667968 1024 774630
896457 8 8 22 WRITE 2148061952 1024 775220
915209 2 2 42 WRITE 2148064512 1024 775650
915462 2 2 41 WRITE 2148064384 1024 776080
896579 8 8 16 WRITE 2148061184 1024 776510
958142 14 14 32 WRITE 2148062208 1024 776940
915520 2 2 43 WRITE 2148064640 1024 777370
896590 8 8 18 WRITE 2148061440 1024 777800
958194 14 14 34 WRITE 2148062464 1024 778230
896604 8 8 20 WRITE 2148061696 1024 778660
958219 14 14 33 WRITE 2148062336 1024 779090
958263 14 14 35 WRITE 2148062592 1024 779520
958789 14 14 36 WRITE 2148062720 1024 779950
962161 8 8 23 WRITE 2148062080 1024 780380
958955 14 14 38 WRITE 2148062976 1024 780810
958994 14 14 39 WRITE 2148063104 1024 781240
959033 14 14 37 WRITE 2148062848 1024 781670
811214 14 14 40 READ 2147871232 1024 782120
830294 12 12 7 WRITE 2148001664 1024 782710
816754 8 8 24 READ 2147869184 1024 783140
897514 0 0 32 READ 2147870208 1024 783730
867675 2 2 16 READ 2147674112 1024 784320
919825 7 7 32 WRITE 2148065280 1024 785000
919876 7 7 34 WRITE 2148065536 1024 785650
919926 7 7 35 WRITE 2148065664 1024 786280
921915 13 13 16 WRITE 2148066304 1024 786710
919976 7 7 33 WRITE 2148065408 1024 787140
922003 13 13 18 WRITE 2148066560 1024 787570
921868 7 7 36 WRITE 2148065792 1024 788000
921957 7 7 38 WRITE 2148066048 1024 788430
922630 7 7 37 WRITE 2148065920 1024 788860
922809 7 7 39 WRITE 2148066176 1024 789290
963520 13 13 17 WRITE 2148066432 1024 789720
963633 13 13 19 WRITE 2148066688 1024 790150
966313 13 13 22 WRITE 2148067072 1024 790580
966353 13 13 20 WRITE 2148066816 1024 791010
966427 13 13 21 WRITE 2148066944 1024 791440
966967 13 13 23 WRITE 2148067200 1024 791870
969699 4 4 24 WRITE 2148068352 1024 792300
969930 4 4 26 WRITE 2148068608 1024 792730
970347 4 4 25 WRITE 2148068480 1024 793160
970734 4 4 27 WRITE 2148068736 1024 793590
976372 4 4 28 WRITE 2148068864 1024 794020
976418 4 4 30 WRITE 2148069120 1024 794450
976524 4 4 29 WRITE 2148068992 1024 794880
976562 4 4 31 WRITE 2148069248 1024 795310
828800 10 10 0 WRITE 2148004864 1024 795760
828875 10 10 2 WRITE 2148005120 1024 796190
828961 10 10 4 WRITE 2148005376 1024 796620
829023 10 10 1 WRITE 2148004992 1024 797050
830081 10 10 3 WRITE 2148005248 1024 797480
830373 10 10 6 WRITE 2148005632 1024 797910
830440 10 10 5 WRITE 2148005504 1024 798340
830513 10 10 7 WRITE 2148005760 1024 798770
873332 12 12 23 WRITE 2148007808 1024 799200
886594 12 12 21 WRITE 2148007552 1024 799630
793561 2 2 20 READ 2147874816 1024 800060
867624 2 2 16 READ 2147874304 1024 800650
929538 1 1 40 WRITE 2148072448 1024 801240
929590 1 1 42 WRITE 2148072704 1024 801670
929669 1 1 41 WRITE 2148072576 1024 802100
930520 1 1 43 WRITE 2148072832 1024 802530
933337 1 1 44 WRITE 2148072960 1024 802960
933385 1 1 46 WRITE 2148073216 1024 803390
933446 1 1 45 WRITE 2148073088 1024 803820
933501 1 1 47 WRITE 2148073344 1024 804250
963487 14 14 44 WRITE 2148071936 1024 804680
963601 14 14 46 WRITE 2148072192 1024 805110
963730 14 14 45 WRITE 2148072064 1024 805540
967288 14 14 47 WRITE 2148072320 1024 805970
974424 14 14 40 WRITE 2148071424 1024 806400
974469 14 14 42 WRITE 2148071680 1024 806830
974501 14 14 41 WRITE 2148071552 1024 807260
974539 14 14 43 WRITE 2148071808 1024 807690
687712 4 4 12 WRITE 2148011520 1024 808130
896048 14 14 16 READ 2147681280 1024 808560
917104 4 4 15 WRITE 2148011904 1024 809150
934307 7 7 24 WRITE 2148076544 1024 809580
934352 7 7 26 WRITE 2148076800 1024 810010
934396 7 7 30 WRITE 2148077312 1024 810440
934440 7 7 28 WRITE 2148077056 1024 810870
935061 7 7 25 WRITE 2148076672 1024 811300
935260 7 7 27 WRITE 2148076928 1024 811730
935313 7 7 29 WRITE 2148077184 1024 812160
935350 7 7 31 WRITE 2148077440 1024 812590
962269 8 8 32 READ 2147680256 1024 813020
760808 2 2 30 WRITE 2148045568 1024 813640
780479 2 2 24 WRITE 2148044800 1024 814070
780509 2 2 26 WRITE 2148045056 1024 814500
780782 2 2 28 WRITE 2148045312 1024 814930
787108 2 2 25 WRITE 2148044928 1024 815360
788297 2 2 27 WRITE 2148045184 1024 815790
780996 5 5 21 WRITE 2147982976 1024 816220
789278 2 2 29 WRITE 2148045440 1024 816650
789337 2 2 31 WRITE 2148045696 1024 817080
749696 11 11 40 WRITE 2148047872 1024 817510
749762 11 11 42 WRITE 2148048128 1024 817940
749874 11 11 41 WRITE 2148048000 1024 818370
754073 11 11 43 WRITE 2148048256 1024 818800
781519 5 5 32 READ 2147653632 1024 819230
896395 8 8 46 WRITE 2148046592 1024 819820
781655 5 5 7 WRITE 2147981184 1024 820250
781791 5 5 17 WRITE 2147982464 1024 820680
896531 8 8 40 WRITE 2148045824 1024 821110
896543 8 8 42 WRITE 2148046080 1024 821540
896556 8 8 44 WRITE 2148046336 1024 821970
962179 8 8 41 WRITE 2148045952 1024 822400
962293 8 8 43 WRITE 2148046208 1024 822830
962301 8 8 45 WRITE 2148046464 1024 823260
962326 8 8 47 WRITE 2148046720 1024 823690
990189 14 14 16 WRITE 2148081664 1024 824130
990228 14 14 18 WRITE 2148081920 1024 824560
990272 14 14 20 WRITE 2148082176 1024 824990
990305 14 14 22 WRITE 2148082432 1024 825420
990845 14 14 17 WRITE 2148081792 1024 825850
990977 14 14 19 WRITE 2148082048 1024 826280
991015 14 14 21 WRITE 2148082304 1024 826710
991059 14 14 23 WRITE 2148082560 1024 827140
896257 0 0 2 READ 2147656960 1024 827580
882850 0 0 44 WRITE 2148020736 1024 828180
882862 0 0 43 WRITE 2148020608 1024 828610
883742 0 0 45 WRITE 2148020864 1024 829040
883793 0 0 41 WRITE 2148020352 1024 829470
896413 0 0 47 WRITE 2148021120 1024 829900
789870 4 4 32 WRITE 2148022272 1024 830330
816631 4 4 34 WRITE 2148022528 1024 830760
827022 4 4 33 WRITE 2148022400 1024 831190
827402 4 4 36 WRITE 2148022784 1024 831620
827482 4 4 6 WRITE 2148024064 1024 832050
912350 4 4 38 WRITE 2148023040 1024 832480
912545 4 4 0 WRITE 2148023296 1024 832910
912608 4 4 2 WRITE 2148023552 1024 833340
912714 4 4 4 WRITE 2148023808 1024 833770
916798 4 4 39 WRITE 2148023168 1024 834200
917155 4 4 35 WRITE 2148022656 1024 834630
917207 4 4 37 WRITE 2148022912 1024 835060
917328 4 4 5 WRITE 2148023936 1024 835490
947618 12 12 25 WRITE 2148021376 1024 835920
947656 12 12 27 WRITE 2148021632 1024 836350
947844 12 12 29 WRITE 2148021888 1024 836780
948062 12 12 31 WRITE 2148022144 1024 837210
949429 4 4 1 WRITE 2148023424 1024 837640
949466 4 4 3 WRITE 2148023680 1024 838070
1002152 4 4 7 WRITE 2148024192 1024 838500
811459 14 14 29 WRITE 2147991168 1024 838940
811473 14 14 31 WRITE 2147991424 1024 839370
882825 0 0 12 READ 2147856384 1024 839800
781090 5 5 26 WRITE 2147989760 1024 840390
1001323 6 6 19 WRITE 2148027776 1024 840830
1001361 6 6 21 WRITE 2148028032 1024 841260
1001388 6 6 23 WRITE 2148028288 1024 841690
804927 3 3 42 READ 2147667200 1024 842130
1003118 13 13 37 WRITE 2148058752 1024 842720
1003150 13 13 39 WRITE 2148059008 1024 843150
962119 4 4 42 WRITE 2148030720 1024 843590
1000587 4 4 44 WRITE 2148030976 1024 844020
1001258 4 4 46 WRITE 2148031232 1024 844450
1002195 4 4 41 WRITE 2148030592 1024 844880
1002226 4 4 43 WRITE 2148030848 1024 845310
1002254 4 4 45 WRITE 2148031104 1024 845740
1002291 4 4 47 WRITE 2148031360 1024 846170
962332 8 8 17 WRITE 2148061312 1024 846610
962485 8 8 19 WRITE 2148061568 1024 847040
867625 3 3 22 WRITE 2147996416 1024 847470
870242 3 3 16 WRITE 2147995648 1024 847900
912533 3 3 18 WRITE 2147995904 1024 848330
912543 3 3 17 WRITE 2147995776 1024 848760
912555 3 3 20 WRITE 2147996160 1024 849190
1003075 8 8 21 WRITE 2148061824 1024 849620
1002334 3 3 19 WRITE 2147996032 1024 850050
1002364 3 3 21 WRITE 2147996288 1024 850480
1002371 3 3 23 WRITE 2147996544 1024 850910
954975 0 0 16 READ 2147673088 1024 851360
1001876 5 5 8 READ 2147675136 1024 851950
991461 8 8 30 WRITE 2148070144 1024 852560
991480 8 8 24 WRITE 2148069376 1024 852990
991499 8 8 26 WRITE 2148069632 1024 853420
991516 8 8 28 WRITE 2148069888 1024 853850
992838 8 8 25 WRITE 2148069504 1024 854280
992901 8 8 27 WRITE 2148069760 1024 854710
993063 8 8 31 WRITE 2148070272 1024 855140
993160 8 8 29 WRITE 2148070016 1024 855570
1001797 0 0 34 WRITE 2148070656 1024 856000
1001803 0 0 32 WRITE 2148070400 1024 856430
1005686 0 0 38 WRITE 2148071168 1024 856860
1005692 0 0 36 WRITE 2148070912 1024 857290
1011286 5 5 8 WRITE 2148075520 1024 857730
1011322 5 5 10 WRITE 2148075776 1024 858160
1011339 5 5 12 WRITE 2148076032 1024 858590
1011370 5 5 14 WRITE 2148076288 1024 859020
1011732 5 5 9 WRITE 2148075648 1024 859450
1011818 5 5 11 WRITE 2148075904 1024 859880
1011848 5 5 13 WRITE 2148076160 1024 860310
1011870 5 5 15 WRITE 2148076416 1024 860740
896183 5 5 46 WRITE 2148044544 1024 861180
896197 5 5 40 WRITE 2148043776 1024 861610
896221 5 5 42 WRITE 2148044032 1024 862040
946833 5 5 44 WRITE 2148044288 1024 862470
1006972 5 5 41 WRITE 2148043904 1024 862900
1007040 5 5 43 WRITE 2148044160 1024 863330
1007418 5 5 45 WRITE 2148044416 1024 863760
1007468 5 5 47 WRITE 2148044672 1024 864190
992705 8 8 32 WRITE 2148080640 1024 864630
992965 8 8 34 WRITE 2148080896 1024 865060
993000 8 8 38 WRITE 2148081408 1024 865490
993127 8 8 36 WRITE 2148081152 1024 865920
993273 8 8 33 WRITE 2148080768 1024 866350
993394 8 8 35 WRITE 2148081024 1024 866780
993427 8 8 37 WRITE 2148081280 1024 867210
993466 8 8 39 WRITE 2148081536 1024 867640
896236 5 5 23 WRITE 2147983232 1024 868080
881656 11 11 46 WRITE 2148048640 1024 868510
881721 11 11 44 WRITE 2148048384 1024 868940
1005848 11 11 45 WRITE 2148048512 1024 869370
1005853 11 11 47 WRITE 2148048768 1024 869800
867699 2 2 4 WRITE 2148052480 1024 870250
867734 2 2 6 WRITE 2148052736 1024 870680
873436 2 2 5 WRITE 2148052608 1024 871110
912808 2 2 7 WRITE 2148052864 1024 871540
948369 6 6 42 WRITE 2148051200 1024 871970
948465 6 6 40 WRITE 2148050944 1024 872400
993204 6 6 44 WRITE 2148051456 1024 872830
993439 6 6 46 WRITE 2148051712 1024 873260
994092 6 6 45 WRITE 2148051584 1024 873690
994125 6 6 41 WRITE 2148051072 1024 874120
994162 6 6 43 WRITE 2148051328 1024 874550
994189 6 6 47 WRITE 2148051840 1024 874980
796057 11 11 32 READ 2147658752 1024 875410
881758 11 11 28 WRITE 2148049408 1024 876000
881797 11 11 24 WRITE 2148048896 1024 876430
881809 11 11 26 WRITE 2148049152 1024 876860
881821 11 11 30 WRITE 2148049664 1024 877290
881833 11 11 29 WRITE 2148049536 1024 877720
1005860 11 11 25 WRITE 2148049024 1024 878150
1005872 11 11 27 WRITE 2148049280 1024 878580
1005886 11 11 31 WRITE 2148049792 1024 879010
780827 3 3 14 WRITE 2147989248 1024 879460
780842 3 3 15 WRITE 2147989376 1024 879890
781121 3 3 12 WRITE 2147988992 1024 880320
787139 3 3 9 WRITE 2147988608 1024 880750
805123 5 5 30 WRITE 2147990272 1024 881180
947573 2 2 32 WRITE 2148055040 1024 881610
805080 3 3 11 WRITE 2147988864 1024 882040
896130 5 5 27 WRITE 2147989888 1024 882470
967553 0 0 8 WRITE 2148056064 1024 882900
947613 2 2 34 WRITE 2148055296 1024 883330
810910 3 3 13 WRITE 2147989120 1024 883760
946840 5 5 25 WRITE 2147989632 1024 884190
967560 0 0 10 WRITE 2148056320 1024 884620
947866 2 2 33 WRITE 2148055168 1024 885050
912734 3 3 38 WRITE 2148053760 1024 885480
1001757 5 5 32 WRITE 2148054016 1024 885910
967605 0 0 11 WRITE 2148056448 1024 886340
947903 2 2 35 WRITE 2148055424 1024 886770
962211 3 3 32 WRITE 2148052992 1024 887200
1001865 5 5 34 WRITE 2148054272 1024 887630
967630 0 0 9 WRITE 2148056192 1024 888060
948138 2 2 36 WRITE 2148055552 1024 888490
1001714 3 3 34 WRITE 2148053248 1024 888920
1001959 5 5 31 WRITE 2147990400 1024 889350
1005704 11 11 0 READ 2147662848 1024 889780
948495 2 2 38 WRITE 2148055808 1024 890370
1002285 3 3 36 WRITE 2148053504 1024 890800
1001965 5 5 29 WRITE 2147990144 1024 891230
948529 2 2 37 WRITE 2148055680 1024 891660
1002327 3 3 35 WRITE 2148053376 1024 892090
1005689 5 5 36 WRITE 2148054528 1024 892520
948655 2 2 39 WRITE 2148055936 1024 892950
1002400 3 3 33 WRITE 2148053120 1024 893380
1018969 5 5 38 WRITE 2148054784 1024 893810
1006440 0 0 12 WRITE 2148056576 1024 894240
1002406 3 3 37 WRITE 2148053632 1024 894670
1019678 5 5 37 WRITE 2148054656 1024 895100
1006470 0 0 14 WRITE 2148056832 1024 895530
1002432 3 3 39 WRITE 2148053888 1024 895960
1019708 5 5 33 WRITE 2148054144 1024 896390
1006490 0 0 13 WRITE 2148056704 1024 896820
1019837 5 5 35 WRITE 2148054400 1024 897250
1006514 0 0 15 WRITE 2148056960 1024 897680
1019863 5 5 39 WRITE 2148054912 1024 898110
1006860 0 0 2 WRITE 2148057344 1024 898560
1006933 0 0 0 WRITE 2148057088 1024 898990
1006955 0 0 4 WRITE 2148057600 1024 899420
1006982 0 0 6 WRITE 2148057856 1024 899850
1006999 0 0 1 WRITE 2148057216 1024 900280
1007020 0 0 3 WRITE 2148057472 1024 900710
1007045 0 0 5 WRITE 2148057728 1024 901140
1022763 0 0 7 WRITE 2148057984 1024 901570
1022777 11 11 36 WRITE 2148059648 1024 902000
1022780 11 11 32 WRITE 2148059136 1024 902430
1022786 11 11 34 WRITE 2148059392 1024 902860
1022796 11 11 38 WRITE 2148059904 1024 903290
1022868 11 11 33 WRITE 2148059264 1024 903720
1022876 11 11 35 WRITE 2148059520 1024 904150
1022892 11 11 37 WRITE 2148059776 1024 904580
1022904 11 11 39 WRITE 2148060032 1024 905010
963549 2 2 44 WRITE 2148064768 1024 905460
963662 2 2 46 WRITE 2148065024 1024 905890
963788 2 2 47 WRITE 2148065152 1024 906320
999511 2 2 45 WRITE 2148064896 1024 906750
1022880 11 11 0 WRITE 2148063232 1024 907180
1022895 11 11 2 WRITE 2148063488 1024 907610
1022901 11 11 4 WRITE 2148063744 1024 908040
1022907 11 11 6 WRITE 2148064000 1024 908470
1022911 11 11 1 WRITE 2148063360 1024 908900
1022915 11 11 3 WRITE 2148063616 1024 909330
1022917 11 11 5 WRITE 2148063872 1024 909760
1022920 11 11 7 WRITE 2148064128 1024 910190
1021171 3 3 44 WRITE 2148067840 1024 910640
1021175 3 3 40 WRITE 2148067328 1024 911070
1021288 3 3 42 WRITE 2148067584 1024 911500
1021569 3 3 46 WRITE 2148068096 1024 911930
1022725 3 3 41 WRITE 2148067456 1024 912360
1022776 3 3 43 WRITE 2148067712 1024 912790
1022816 3 3 45 WRITE 2148067968 1024 913220
1022821 3 3 47 WRITE 2148068224 1024 913650
1006238 3 3 4 READ 2147678720 1024 914100
1002172 2 2 20 WRITE 2148075008 1024 914700
1005723 2 2 21 WRITE 2148075136 1024 915130
1005883 2 2 22 WRITE 2148075264 1024 915560
1006015 2 2 23 WRITE 2148075392 1024 915990
1006119 2 2 18 WRITE 2148074752 1024 916420
1006208 2 2 16 WRITE 2148074496 1024 916850
1006304 2 2 19 WRITE 2148074880 1024 917280
1021155 2 2 17 WRITE 2148074624 1024 917710
1022695 0 0 16 WRITE 2148073472 1024 918140
1022709 0 0 22 WRITE 2148074240 1024 918570
1022731 0 0 18 WRITE 2148073728 1024 919000
1022747 0 0 20 WRITE 2148073984 1024 919430
1022783 0 0 17 WRITE 2148073600 1024 919860
1022798 0 0 19 WRITE 2148073856 1024 920290
1022807 0 0 21 WRITE 2148074112 1024 920720
1022815 0 0 23 WRITE 2148074368 1024 921150
1022945 3 3 4 WRITE 2148079104 1024 921600
1022947 3 3 0 WRITE 2148078592 1024 922030
1022953 3 3 2 WRITE 2148078848 1024 922460
1022955 3 3 6 WRITE 2148079360 1024 922890
1022960 3 3 1 WRITE 2148078720 1024 923320
1022969 3 3 3 WRITE 2148078976 1024 923750
1022971 3 3 5 WRITE 2148079232 1024 924180
1022974 3 3 7 WRITE 2148079488 1024 924610
1005768 11 11 9 WRITE 2148018304 1024 925060
1005778 11 11 11 WRITE 2148018560 1024 925490
1005810 11 11 13 WRITE 2148018816 1024 925920
1022851 11 11 16 WRITE 2148083712 1024 926350
1022857 11 11 18 WRITE 2148083968 1024 926780
1022967 11 11 17 WRITE 2148083840 1024 927210
1021442 0 0 33 WRITE 2148070528 1024 927750
1021949 0 0 35 WRITE 2148070784 1024 928180
1022326 0 0 39 WRITE 2148071296 1024 928610
1022681 0 0 37 WRITE 2148071040 1024 929040
