1 0 0 1 READ 4026531840 2048 160
1372 4 4 1 READ 0 2048 4440
515801 14 14 0 READ 2048 2048 372070
917699 0 0 0 READ 2147493632 2048 658150
917874 0 0 8 READ 2147526144 2048 658920
917770 0 0 2 READ 2147497728 2048 659680
917911 0 0 10 READ 2147530240 2048 660450
917758 5 5 4 READ 2147501440 2048 661210
920923 11 11 12 READ 2147534720 2048 661970
917792 5 5 6 READ 2147505536 2048 662730
917734 0 0 4 READ 2147509888 2048 663500
918027 14 14 12 READ 2147542272 2048 664260
917806 0 0 6 READ 2147513984 2048 665030
917689 5 5 0 READ 2147485184 2048 665810
917828 5 5 8 READ 2147517696 2048 666570
917721 5 5 2 READ 2147489280 2048 667340
917880 5 5 10 READ 2147521792 2048 668110
933287 12 12 1 READ 2147495296 2048 668870
930212 1 1 1 READ 2147486720 2048 669750
949333 6 6 14 READ 2147538176 2048 679570
953748 0 0 14 READ 2147546496 2048 682770
961320 5 5 3 READ 2147491328 2048 688030
970357 12 12 3 READ 2147499392 2048 694430
1003071 13 13 16 READ 2147558400 2048 716770
1009831 11 11 16 READ 2147550976 2048 721640
1022619 13 13 5 READ 2147511680 2048 730670
1027211 5 5 5 READ 2147503488 2048 733940
1060549 11 11 18 READ 2147555072 2048 757510
1073993 0 0 18 READ 2147562752 2048 767100
1074248 10 10 7 READ 2147515392 2048 767930
1083335 2 2 7 READ 2147507200 2048 773610
1136658 7 7 20 READ 2147566720 2048 810500
1144615 14 14 20 READ 2147574784 2048 816250
1163728 0 0 9 READ 2147528192 2048 829730
1170875 10 10 9 READ 2147520384 2048 834760
1204195 7 7 22 READ 2147570816 2048 858330
1223669 14 14 22 READ 2147578880 2048 872240
1229674 9 9 11 READ 2147524352 2048 876400
1233354 14 14 11 READ 2147532160 2048 878960
1263977 7 7 24 READ 2147582976 2048 899970
1270802 13 13 13 READ 2147544192 2048 904680
1276465 4 4 13 READ 2147535872 2048 908760
1295895 0 0 24 READ 2147591168 2048 922440
1299967 4 4 15 READ 2147539968 2048 925330
1301238 0 0 15 READ 2147548544 2048 926120
1339532 14 14 17 READ 2147560576 2048 952370
1344890 9 9 17 READ 2147552768 2048 956130
1359966 7 7 26 READ 2147587072 2048 966840
1363284 0 0 26 READ 2147595264 2048 969240
1414466 14 14 19 READ 2147564672 2048 1005500
1423892 9 9 19 READ 2147556864 2048 1012140
1542033 9 9 28 READ 2147599488 2048 1095200
1543298 8 8 21 READ 2147568896 2048 1096100
1582753 0 0 21 READ 2147576960 2048 1124090
1668860 13 13 30 READ 2147604096 2048 1185160
1706827 8 8 23 READ 2147572992 2048 1212150
1710923 14 14 23 READ 2147580928 2048 1215020
1815585 5 5 0 READ 2147607552 2048 1288400
1824585 13 13 0 READ 2147615744 2048 1294780
1828967 12 12 2 READ 2147611776 2048 1297930
1840027 13 13 2 READ 2147619840 2048 1305760
1856384 14 14 25 READ 2147585920 2048 1317380
1882608 0 0 25 READ 2147593216 2048 1335930
1944261 12 12 4 READ 2147624064 2048 1379550
1958880 10 10 27 READ 2147589504 2048 1389890
1959857 12 12 6 READ 2147628160 2048 1390670
1963846 0 0 27 READ 2147597312 2048 1393510
1964379 6 6 4 READ 2147632512 2048 1394280
1980458 8 8 6 READ 2147636352 2048 1404980
2055410 13 13 29 READ 2147602048 2048 1457400
2100402 14 14 8 READ 2147640320 2048 1489390
2117845 13 13 8 READ 2147648512 2048 1501710
2121918 10 10 10 READ 2147645184 2048 1504680
2133911 0 0 31 READ 2147606400 2048 1512920
2135566 13 13 10 READ 2147652608 2048 1514070
2204170 10 10 12 READ 2147665024 2048 1562080
2206981 2 2 12 READ 2147657088 2048 1563910
2215517 11 11 1 READ 2147617920 2048 1570050
2223909 2 2 1 READ 2147610496 2048 1575890
2239738 10 10 14 READ 2147669120 2048 1587180
2241709 9 9 14 READ 2147661696 2048 1588540
2303864 12 12 3 READ 2147613824 2048 1632570
2311086 11 11 3 READ 2147622016 2048 1637670
2351100 3 3 16 READ 2147673216 2048 1665250
2371158 6 6 16 READ 2147681408 2048 1679480
2386032 13 13 5 READ 2147634176 2048 1689910
2395455 7 7 18 READ 2147677184 2048 1696650
2398363 12 12 5 READ 2147626112 2048 1698740
2403934 2 2 18 READ 2147685376 2048 1702670
2472914 3 3 7 READ 2147638528 2048 1751500
2479390 7 7 7 READ 2147630848 2048 1756050
2559251 8 8 9 READ 2147650944 2048 1812750
2565589 7 7 9 READ 2147642624 2048 1817130
2609213 5 5 20 READ 2147689472 2048 1848050
2627568 2 2 20 READ 2147697792 2048 1861160
2629916 5 5 22 READ 2147693568 2048 1862700
2658573 2 2 22 READ 2147701888 2048 1883010
2660408 7 7 11 READ 2147646720 2048 1884290
2672390 5 5 11 READ 2147654784 2048 1892770
2757789 1 1 13 READ 2147659392 2048 1953380
2766410 7 7 13 READ 2147667328 2048 1959610
2824903 14 14 24 READ 2147706112 2048 2001030
2835257 14 14 26 READ 2147710208 2048 2008370
2839448 8 8 15 READ 2147663104 2048 2011300
2849441 7 7 24 READ 2147714048 2048 2018390
2853745 11 11 15 READ 2147671296 2048 2021480
2859638 7 7 26 READ 2147718144 2048 2025510
2897190 8 8 17 READ 2147675648 2048 2052290
2904624 10 10 17 READ 2147683584 2048 2057550
2943366 6 6 19 READ 2147687552 2048 2085040
2947005 13 13 28 READ 2147722368 2048 2087590
2948536 12 12 19 READ 2147680128 2048 2088600
2953731 13 13 30 READ 2147726464 2048 2092320
2982188 9 9 21 READ 2147691648 2048 2113530
2986746 13 13 21 READ 2147699712 2048 2117050
3018730 4 4 23 READ 2147696128 2048 2141460
3019739 2 2 23 READ 2147703936 2048 2142260
3021565 2 2 0 READ 2147730560 2048 2143800
3025805 12 12 2 READ 2147734528 2048 2147130
3028272 0 0 0 READ 2147738752 2048 2149190
3030448 0 0 2 READ 2147742848 2048 2151080
3040580 11 11 25 READ 2147708032 2048 2161240
3049292 7 7 25 READ 2147716096 2048 2170520
3062938 1 1 27 READ 2147712512 2048 2186440
3065504 7 7 27 READ 2147720192 2048 2189490
3078752 14 14 29 READ 2147724928 2048 2206900
3091913 8 8 31 READ 2147729280 2048 2227520
3105167 10 10 1 READ 2147733376 2048 2255810
3105189 14 14 1 READ 2147741440 2048 2256610
3110959 4 4 3 READ 2147744768 2048 2276420
3111865 7 7 3 READ 2147737344 2048 2280970
